# Matter power spectrum P(k) at redshift z=0
# for k=1.04588e-05 to 1.08705 h/Mpc,
# number of wavenumbers equal to 603
#    1:k (h/Mpc)              2:P (Mpc/h)^3        
       1.045881941251e-05       4.770160154454e+01 
       2.330924113169e-05       1.034566255068e+02 
       3.620472976707e-05       1.583054376399e+02 
       4.917981733626e-05       2.128095222906e+02 
       6.226960512141e-05       2.672927674746e+02 
       7.551007518132e-05       3.220004598470e+02 
       8.893841178972e-05       3.771439914748e+02 
       1.025933370557e-04       4.329192288249e+02 
       1.165154650151e-04       4.895159926036e+02 
       1.307476785157e-04       5.471238186628e+02 
       1.453355332239e-04       6.059360052448e+02 
       1.603276930275e-04       6.661527823834e+02 
       1.757764009306e-04       7.279840417101e+02 
       1.917379891860e-04       7.916518483280e+02 
       2.082734317629e-04       8.573928633450e+02 
       2.254489412087e-04       9.254607475249e+02 
       2.433366103392e-04       9.961285819149e+02 
       2.620150967933e-04       1.069691321528e+03 
       2.815703450294e-04       1.146468255672e+03 
       3.020963355224e-04       1.226805444105e+03 
       3.236958443531e-04       1.311078050972e+03 
       3.464811876832e-04       1.399692462365e+03 
       3.705749144072e-04       1.493088036610e+03 
       3.961103963024e-04       1.591738271133e+03 
       4.232322482759e-04       1.696151113565e+03 
       4.520964923216e-04       1.806868069947e+03 
       4.828703588271e-04       1.924461703161e+03 
       5.157316003481e-04       2.049531049343e+03 
       5.508671798277e-04       2.182694459510e+03 
       5.884711931304e-04       2.324579389954e+03 
       6.287419018471e-04       2.475808755651e+03 
       6.718777943943e-04       2.636983707733e+03 
       7.180726679276e-04       2.808662923739e+03 
       7.675098326465e-04       2.991339094310e+03 
       8.203556777635e-04       3.185413691012e+03 
       8.767529877616e-04       3.391171778318e+03 
       9.368145300514e-04       3.608758981958e+03 
       1.000617514947e-03       3.838163125303e+03 
       1.068199522502e-03       4.079202662661e+03 
       1.139556379724e-03       4.331523830470e+03 
       1.214642263612e-03       4.594607094614e+03 
       1.293372036497e-03       4.867782822448e+03 
       1.375625546752e-03       5.150234761100e+03 
       1.461253408596e-03       5.441065846568e+03 
       1.550083651307e-03       5.739332293382e+03 
       1.641928613908e-03       6.044035088408e+03 
       1.736591540875e-03       6.354167330804e+03 
       1.833872473500e-03       6.668738780712e+03 
       1.933573191433e-03       6.986795722914e+03 
       2.035501107284e-03       7.307435835509e+03 
       2.139472134317e-03       7.629818675427e+03 
       2.245312626023e-03       7.953171417695e+03 
       2.352860529154e-03       8.276792020201e+03 
       2.461965905902e-03       8.600048081668e+03 
       2.572490975481e-03       8.922375365391e+03 
       2.684309808464e-03       9.243273854295e+03 
       2.797307785256e-03       9.562303370504e+03 
       2.911380907304e-03       9.879078662917e+03 
       3.026435028653e-03       1.019326378898e+04 
       3.142385057350e-03       1.050456796426e+04 
       3.259154161547e-03       1.081274045287e+04 
       3.376673003591e-03       1.111756837464e+04 
       3.494879016711e-03       1.141886438657e+04 
       3.613715732517e-03       1.171647540452e+04 
       3.733132162977e-03       1.201027131279e+04 
       3.853082237450e-03       1.230014580460e+04 
       3.973524293263e-03       1.258600906269e+04 
       4.094420617062e-03       1.286779150530e+04 
       4.215737033430e-03       1.314543182040e+04 
       4.337442536930e-03       1.341888770159e+04 
       4.459508963635e-03       1.368812763509e+04 
       4.581910698319e-03       1.395312781481e+04 
       4.704624413644e-03       1.421387131399e+04 
       4.827628837964e-03       1.447034309634e+04 
       4.950904548601e-03       1.472254760152e+04 
       5.074433787798e-03       1.497050394796e+04 
       5.198200298764e-03       1.521420750268e+04 
       5.322189179552e-03       1.545367496724e+04 
       5.446386752730e-03       1.568891843596e+04 
       5.570780449033e-03       1.591996042905e+04 
       5.695358703405e-03       1.614682064446e+04 
       5.820110862010e-03       1.636952572984e+04 
       5.945027098973e-03       1.658810239775e+04 
       6.070098341735e-03       1.680258014556e+04 
       6.195316204065e-03       1.701299181573e+04 
       6.320672925865e-03       1.721937196536e+04 
       6.446161319014e-03       1.742175225901e+04 
       6.571774718589e-03       1.762015981588e+04 
       6.697506938873e-03       1.781464650195e+04 
       6.823352233626e-03       1.800524219688e+04 
       6.949305260174e-03       1.819198933059e+04 
       7.075361046901e-03       1.837492696645e+04 
       7.201514963785e-03       1.855408984864e+04 
       7.327762695666e-03       1.872952143095e+04 
       7.454100217965e-03       1.890125619252e+04 
       7.580523774596e-03       1.906934796073e+04 
       7.707029857858e-03       1.923381948615e+04 
       7.833615190104e-03       1.939473090056e+04 
       7.960276707015e-03       1.955210730332e+04 
       8.087011542324e-03       1.970598757689e+04 
       8.213817013834e-03       1.985641673046e+04 
       8.340690610635e-03       2.000343781703e+04 
       8.467629981377e-03       2.014708123479e+04 
       8.594632923522e-03       2.028738726991e+04 
       8.721697373472e-03       2.042439907527e+04 
       8.848821397495e-03       2.055815187569e+04 
       8.976003183386e-03       2.068867468681e+04 
       9.103241032781e-03       2.081601781697e+04 
       9.230533354083e-03       2.094020416615e+04 
       9.357878655930e-03       2.106127803957e+04 
       9.485275541180e-03       2.117927913584e+04 
       9.612722701339e-03       2.129423690664e+04 
       9.740218911425e-03       2.140619005241e+04 
       9.867763025211e-03       2.151517116351e+04 
       9.995353970821e-03       2.162122256817e+04 
       1.012299074666e-02       2.172437595612e+04 
       1.025067241762e-02       2.182466277980e+04 
       1.037839811162e-02       2.192213520339e+04 
       1.050616701629e-02       2.201680981402e+04 
       1.063397837601e-02       2.210873700747e+04 
       1.076183148910e-02       2.219793978976e+04 
       1.088972570520e-02       2.228446051381e+04 
       1.101766042286e-02       2.236833443257e+04 
       1.114563508732e-02       2.244960025355e+04 
       1.127364918837e-02       2.252827908873e+04 
       1.140170225846e-02       2.260441189630e+04 
       1.152979387085e-02       2.267803287930e+04 
       1.165792363796e-02       2.274917359193e+04 
       1.178609120978e-02       2.281786478352e+04 
       1.191429627244e-02       2.288414099821e+04 
       1.204253854684e-02       2.294803464623e+04 
       1.217081778741e-02       2.300956349645e+04 
       1.229913378091e-02       2.306877348863e+04 
       1.242748634537e-02       2.312569709842e+04 
       1.255587532906e-02       2.318034922489e+04 
       1.268430060958e-02       2.323276535385e+04 
       1.281276209297e-02       2.328297673192e+04 
       1.294125971290e-02       2.333100933821e+04 
       1.306979342995e-02       2.337689004400e+04 
       1.319836323088e-02       2.342065188892e+04 
       1.332696912803e-02       2.346230335505e+04 
       1.345561115874e-02       2.350189767293e+04 
       1.358428938475e-02       2.353943907130e+04 
       1.371300389177e-02       2.357496466688e+04 
       1.384175478902e-02       2.360848781270e+04 
       1.397054220877e-02       2.364004382968e+04 
       1.409936630601e-02       2.366966332156e+04 
       1.422822725810e-02       2.369736325218e+04 
       1.435712526446e-02       2.372316194090e+04 
       1.448606054628e-02       2.374709565731e+04 
       1.461503334634e-02       2.376917429897e+04 
       1.474404392871e-02       2.378944524092e+04 
       1.487309257866e-02       2.380790265547e+04 
       1.500217960241e-02       2.382458865180e+04 
       1.513130532708e-02       2.383952358158e+04 
       1.526047010054e-02       2.385272737149e+04 
       1.538967429135e-02       2.386422747323e+04 
       1.551891828869e-02       2.387403684118e+04 
       1.564820250232e-02       2.388219576328e+04 
       1.577752736258e-02       2.388870446572e+04 
       1.590689332041e-02       2.389359686501e+04 
       1.603630084735e-02       2.389688890371e+04 
       1.616575043559e-02       2.389861198004e+04 
       1.629524259806e-02       2.389877493862e+04 
       1.642477786850e-02       2.389741263892e+04 
       1.655435680159e-02       2.389453291564e+04 
       1.668397997304e-02       2.389016185240e+04 
       1.681364797972e-02       2.388432644814e+04 
       1.694336143990e-02       2.387704212438e+04 
       1.707312099333e-02       2.386831702677e+04 
       1.720292730149e-02       2.385819971502e+04 
       1.733278104779e-02       2.384668379523e+04 
       1.746268293778e-02       2.383381701495e+04 
       1.759263369944e-02       2.381960096653e+04 
       1.772263408338e-02       2.380405075209e+04 
       1.785268486317e-02       2.378721883733e+04 
       1.798278683559e-02       2.376906245820e+04 
       1.811294082098e-02       2.374967099900e+04 
       1.824314766355e-02       2.372902877069e+04 
       1.837340823173e-02       2.370717778039e+04 
       1.850372341851e-02       2.368408699833e+04 
       1.863409414186e-02       2.365985656318e+04 
       1.876452134508e-02       2.363441616023e+04 
       1.889500599723e-02       2.360784435942e+04 
       1.902554909359e-02       2.358013072069e+04 
       1.915615165603e-02       2.355134256134e+04 
       1.928681473357e-02       2.352145998809e+04 
       1.941753940280e-02       2.349050344750e+04 
       1.954832676837e-02       2.345845903639e+04 
       1.967917796358e-02       2.342540522970e+04 
       1.981009415084e-02       2.339132780932e+04 
       1.994107652227e-02       2.335626247191e+04 
       2.007212630029e-02       2.332019967981e+04 
       2.020324473815e-02       2.328318281700e+04 
       2.033443312064e-02       2.324520129255e+04 
       2.046569276465e-02       2.320630212727e+04 
       2.059702501987e-02       2.316648936975e+04 
       2.072843126947e-02       2.312575500626e+04 
       2.085991293079e-02       2.308415422054e+04 
       2.099147145605e-02       2.304164403038e+04 
       2.112310833317e-02       2.299832617161e+04 
       2.125482508644e-02       2.295417095728e+04 
       2.138662327742e-02       2.290915133829e+04 
       2.151850450569e-02       2.286333384356e+04 
       2.165047040974e-02       2.281676961794e+04 
       2.178252266783e-02       2.276939949963e+04 
       2.191466299890e-02       2.272125024124e+04 
       2.204689316352e-02       2.267235580872e+04 
       2.217921496479e-02       2.262274664223e+04 
       2.231163024943e-02       2.257240163746e+04 
       2.244414090871e-02       2.252137420100e+04 
       2.257674887956e-02       2.246964667574e+04 
       2.270945614564e-02       2.241720165649e+04 
       2.284226473847e-02       2.236413188376e+04 
       2.297517673858e-02       2.231043618564e+04 
       2.310819427670e-02       2.225603464901e+04 
       2.324131953499e-02       2.220111754481e+04 
       2.337455474835e-02       2.214553693816e+04 
       2.350790220566e-02       2.208931277898e+04 
       2.364136425118e-02       2.203257228591e+04 
       2.377494328595e-02       2.197523175284e+04 
       2.390864176919e-02       2.191735617537e+04 
       2.404246221982e-02       2.185896429289e+04 
       2.417640721797e-02       2.179997541338e+04 
       2.431047940659e-02       2.174055752325e+04 
       2.444468149303e-02       2.168052735479e+04 
       2.457901625080e-02       2.162010315172e+04 
       2.471348652124e-02       2.155918138348e+04 
       2.484809521537e-02       2.149780959191e+04 
       2.498284531570e-02       2.143600528862e+04 
       2.511773987822e-02       2.137366751510e+04 
       2.525278203428e-02       2.131096706384e+04 
       2.538797499274e-02       2.124783464930e+04 
       2.552332204203e-02       2.118431191463e+04 
       2.565882655234e-02       2.112043340378e+04 
       2.579449197791e-02       2.105613437067e+04 
       2.593032185935e-02       2.099147685697e+04 
       2.606631982606e-02       2.092639577003e+04 
       2.620248959875e-02       2.086101943233e+04 
       2.633883499203e-02       2.079531570825e+04 
       2.647535991705e-02       2.072927200526e+04 
       2.661206838436e-02       2.066292803930e+04 
       2.674896450671e-02       2.059621326516e+04 
       2.688605250205e-02       2.052922997451e+04 
       2.702333669664e-02       2.046195014131e+04 
       2.716082152821e-02       2.039441052553e+04 
       2.729851154929e-02       2.032660477888e+04 
       2.743641143066e-02       2.025851481925e+04 
       2.757452596487e-02       2.019019261897e+04 
       2.771286006997e-02       2.012163999018e+04 
       2.785141879334e-02       2.005283543051e+04 
       2.799020731563e-02       1.998381397287e+04 
       2.812923095492e-02       1.991454823460e+04 
       2.826849517101e-02       1.984509480169e+04 
       2.840800556983e-02       1.977544230413e+04 
       2.854776790812e-02       1.970556604699e+04 
       2.868778809819e-02       1.963553587240e+04 
       2.882807221291e-02       1.956536571539e+04 
       2.896862649094e-02       1.949502719963e+04 
       2.910945734210e-02       1.942448985553e+04 
       2.925057135301e-02       1.935385457789e+04 
       2.939197529290e-02       1.928300996572e+04 
       2.953367611974e-02       1.921208228649e+04 
       2.967568098656e-02       1.914097395215e+04 
       2.981799724804e-02       1.906984381041e+04 
       2.996063246741e-02       1.899846385870e+04 
       3.010359442363e-02       1.892707615301e+04 
       3.024689111886e-02       1.885553904241e+04 
       3.039053078624e-02       1.878397616304e+04 
       3.053452189808e-02       1.871225331348e+04 
       3.067887317433e-02       1.864048696530e+04 
       3.082359359147e-02       1.856860859111e+04 
       3.096869239178e-02       1.849672316526e+04 
       3.111417909302e-02       1.842475769021e+04 
       3.126006349860e-02       1.835268944287e+04 
       3.140635570815e-02       1.828059928154e+04 
       3.155306612863e-02       1.820852040485e+04 
       3.170020548591e-02       1.813626488262e+04 
       3.184778483700e-02       1.806408530383e+04 
       3.199581558268e-02       1.799179401223e+04 
       3.214430948098e-02       1.791957360922e+04 
       3.229327866107e-02       1.784729920182e+04 
       3.244273563803e-02       1.777494168051e+04 
       3.259269332822e-02       1.770261454812e+04 
       3.274316506549e-02       1.763028034439e+04 
       3.289416461819e-02       1.755789466464e+04 
       3.304570620706e-02       1.748559177242e+04 
       3.319780452398e-02       1.741329304825e+04 
       3.335047475181e-02       1.734092585546e+04 
       3.350373258518e-02       1.726859312403e+04 
       3.365759425245e-02       1.719630460404e+04 
       3.381207653878e-02       1.712399339456e+04 
       3.396719681052e-02       1.705173493704e+04 
       3.412297304094e-02       1.697946537154e+04 
       3.427942383732e-02       1.690727186396e+04 
       3.443656846966e-02       1.683501234218e+04 
       3.459442690092e-02       1.676291236164e+04 
       3.475301981909e-02       1.669072177160e+04 
       3.491236867106e-02       1.661862637290e+04 
       3.507249569853e-02       1.654656594979e+04 
       3.523342397596e-02       1.647453679684e+04 
       3.539517745096e-02       1.640253538845e+04 
       3.555778098697e-02       1.633060640177e+04 
       3.572126040870e-02       1.625866262249e+04 
       3.588564255033e-02       1.618684052111e+04 
       3.605095530677e-02       1.611502326118e+04 
       3.621722768820e-02       1.604316746786e+04 
       3.638448987814e-02       1.597149519537e+04 
       3.655277329532e-02       1.589983668876e+04 
       3.672211065968e-02       1.582818541894e+04 
       3.689253606272e-02       1.575660153127e+04 
       3.706408504279e-02       1.568503032937e+04 
       3.723679466543e-02       1.561350893996e+04 
       3.741070360939e-02       1.554205736949e+04 
       3.758585225881e-02       1.547060853368e+04 
       3.776228280191e-02       1.539923979743e+04 
       3.794003933692e-02       1.532787915716e+04 
       3.811916798591e-02       1.525658383807e+04 
       3.829971701704e-02       1.518533376803e+04 
       3.848173697618e-02       1.511409697864e+04 
       3.866528082868e-02       1.504289403645e+04 
       3.885040411222e-02       1.497175529644e+04 
       3.903716510188e-02       1.490059664036e+04 
       3.922562498845e-02       1.482945959452e+04 
       3.941584807144e-02       1.475836418136e+04 
       3.960790196813e-02       1.468729174994e+04 
       3.980185784032e-02       1.461622684279e+04 
       3.999779064064e-02       1.454514912704e+04 
       4.019577938028e-02       1.447406722296e+04 
       4.039590742065e-02       1.440299921175e+04 
       4.059826279134e-02       1.433192530576e+04 
       4.080293853734e-02       1.426085257021e+04 
       4.101003309880e-02       1.418975527103e+04 
       4.121965072688e-02       1.411860971566e+04 
       4.143190194010e-02       1.404745776197e+04 
       4.164690402554e-02       1.397621885030e+04 
       4.186478159074e-02       1.390495352429e+04 
       4.208566717197e-02       1.383362594999e+04 
       4.230970190626e-02       1.376223600533e+04 
       4.253703627498e-02       1.369072595996e+04 
       4.276783092829e-02       1.361916339717e+04 
       4.300225760108e-02       1.354746984265e+04 
       4.324050013270e-02       1.347569307087e+04 
       4.348275560449e-02       1.340378300938e+04 
       4.372923561189e-02       1.333171603222e+04 
       4.398016768997e-02       1.325948563391e+04 
       4.423579691502e-02       1.318709046713e+04 
       4.449638770830e-02       1.311447673741e+04 
       4.476222587267e-02       1.304169375752e+04 
       4.503362089864e-02       1.296865810060e+04 
       4.531090858247e-02       1.289538825391e+04 
       4.559445400749e-02       1.282180178313e+04 
       4.588465494919e-02       1.274793959554e+04 
       4.618194577674e-02       1.267369487029e+04 
       4.648680193790e-02       1.259911805163e+04 
       4.679974513228e-02       1.252416135350e+04 
       4.712134929994e-02       1.244874358535e+04 
       4.745224757939e-02       1.237284349284e+04 
       4.779314042322e-02       1.229643454075e+04 
       4.814480510188e-02       1.221946741529e+04 
       4.850810687906e-02       1.214190262278e+04 
       4.888401220956e-02       1.206361548849e+04 
       4.927360439458e-02       1.198457337033e+04 
       4.967810223699e-02       1.190473056908e+04 
       5.009888237557e-02       1.182395970104e+04 
       5.053750615065e-02       1.174219320431e+04 
       5.099575207570e-02       1.165926676349e+04 
       5.147565527096e-02       1.157512437606e+04 
       5.197955557366e-02       1.148955951337e+04 
       5.251015648909e-02       1.140237515788e+04 
       5.307059770499e-02       1.131347828413e+04 
       5.366454456501e-02       1.122242905951e+04 
       5.429629867072e-02       1.112907579674e+04 
       5.497093458877e-02       1.103294585286e+04 
       5.569446830028e-02       1.093353687279e+04 
       5.647406313026e-02       1.083030658478e+04 
       5.731827757021e-02       1.072244635571e+04 
       5.823735493026e-02       1.060891771041e+04 
       5.924354387385e-02       1.048838077162e+04 
       6.035141585116e-02       1.035902752654e+04 
       6.157810116508e-02       1.021863081400e+04 
       6.294328841978e-02       1.006382376510e+04 
       6.446871656411e-02       9.890451925476e+03 
       6.617675998983e-02       9.693230054913e+03 
       6.808767484748e-02       9.465695013582e+03 
       7.021538264249e-02       9.201068300169e+03 
       7.256258142357e-02       8.893481982886e+03 
       7.511727770772e-02       8.540295048852e+03 
       7.785326675408e-02       8.144200653791e+03 
       8.073526747626e-02       7.714312038785e+03 
       8.372632183474e-02       7.265142346245e+03 
       8.679385364743e-02       6.814167011492e+03 
       8.991250031838e-02       6.378757294456e+03 
       9.306416459934e-02       5.973743551037e+03 
       9.623667366978e-02       5.609871060840e+03 
       9.942214989019e-02       5.293256825133e+03 
       1.026156191632e-01       5.025552552837e+03 
       1.058139886698e-01       4.804527562387e+03 
       1.090153534569e-01       4.624847646667e+03 
       1.122185469207e-01       4.479035572418e+03 
       1.154228570447e-01       4.358300015118e+03 
       1.186278500834e-01       4.253358486416e+03 
       1.218332620440e-01       4.155297840835e+03 
       1.250389322759e-01       4.056309279449e+03 
       1.282447629688e-01       3.950364134341e+03 
       1.314506945029e-01       3.833635920593e+03 
       1.346566904647e-01       3.704694456553e+03 
       1.378627285441e-01       3.564358970101e+03 
       1.410687950077e-01       3.415346413547e+03 
       1.442748813416e-01       3.261658388041e+03 
       1.474809822143e-01       3.107944578166e+03 
       1.506870942376e-01       2.958851251199e+03 
       1.538932152154e-01       2.818503452046e+03 
       1.570993436851e-01       2.690125287947e+03 
       1.603054786395e-01       2.575800918731e+03 
       1.635116193566e-01       2.476425724872e+03 
       1.667177652959e-01       2.391749889662e+03 
       1.699239160342e-01       2.320544556655e+03 
       1.731300712266e-01       2.260789500374e+03 
       1.763362305818e-01       2.209955767818e+03 
       1.795423938467e-01       2.165230686268e+03 
       1.827485607966e-01       2.123976125044e+03 
       1.859547312290e-01       2.083878211589e+03 
       1.891609049589e-01       2.042178806299e+03 
       1.923670818162e-01       1.997317218171e+03 
       1.955732616437e-01       1.948454607569e+03 
       1.987794442949e-01       1.895491902015e+03 
       2.019856296336e-01       1.838962052164e+03 
       2.051918175321e-01       1.779917317195e+03 
       2.083980078713e-01       1.719702940416e+03 
       2.116042005390e-01       1.659787941892e+03 
       2.148103954301e-01       1.601609715746e+03 
       2.180165924458e-01       1.546403866409e+03 
       2.212227914930e-01       1.495128162312e+03 
       2.244289924839e-01       1.448399683206e+03 
       2.276351953359e-01       1.406485363194e+03 
       2.308413999708e-01       1.369308369137e+03 
       2.340476063149e-01       1.336510516303e+03 
       2.372538142985e-01       1.307491900265e+03 
       2.404600238554e-01       1.281483925562e+03 
       2.436662349232e-01       1.257633259259e+03 
       2.468724474427e-01       1.235069080800e+03 
       2.500786613576e-01       1.212983081111e+03 
       2.532848766146e-01       1.190692400607e+03 
       2.564910931631e-01       1.167684815316e+03 
       2.596973109550e-01       1.143656880837e+03 
       2.629035299445e-01       1.118511325843e+03 
       2.661097500880e-01       1.092355616480e+03 
       2.693159713440e-01       1.065456765308e+03 
       2.725221936732e-01       1.038204107606e+03 
       2.757284170378e-01       1.011051227506e+03 
       2.789346414019e-01       9.844550262761e+02 
       2.821408667313e-01       9.588371771564e+02 
       2.853470929933e-01       9.345385366439e+02 
       2.885533201565e-01       9.117928700756e+02 
       2.917595481911e-01       8.907206021996e+02 
       2.949657770685e-01       8.713255528412e+02 
       2.981720067615e-01       8.535100443159e+02 
       3.013782372438e-01       8.370870082068e+02 
       3.045844684904e-01       8.218252050940e+02 
       3.077907004772e-01       8.074406589858e+02 
       3.109969331813e-01       7.936568387464e+02 
       3.142031665806e-01       7.802093789466e+02 
       3.174094006539e-01       7.668829202004e+02 
       3.206156353810e-01       7.534985570712e+02 
       3.238218707421e-01       7.399493055873e+02 
       3.270281067188e-01       7.261914356929e+02 
       3.302343432928e-01       7.122373739007e+02 
       3.334405804470e-01       6.981508177670e+02 
       3.366468181647e-01       6.840328256875e+02 
       3.398530564297e-01       6.700111217471e+02 
       3.430592952268e-01       6.562228715208e+02 
       3.462655345411e-01       6.427918182566e+02 
       3.494717743582e-01       6.298287872781e+02 
       3.526780146644e-01       6.174184908771e+02 
       3.558842554464e-01       6.056099305573e+02 
       3.590904966915e-01       5.944185546215e+02 
       3.622967383872e-01       5.838231749450e+02 
       3.655029805217e-01       5.737833500548e+02 
       3.687092230834e-01       5.642219227293e+02 
       3.719154660613e-01       5.550611160709e+02 
       3.751217094446e-01       5.462121328890e+02 
       3.783279532230e-01       5.375886525985e+02 
       3.815341973866e-01       5.291162187553e+02 
       3.847404419255e-01       5.207346073115e+02 
       3.879466868305e-01       5.124029504190e+02 
       3.911529320926e-01       5.041000765191e+02 
       3.943591777029e-01       4.958210973986e+02 
       3.975654236531e-01       4.875775279787e+02 
       4.007716699349e-01       4.793921542691e+02 
       4.039779165405e-01       4.712986401743e+02 
       4.071841634621e-01       4.633309003984e+02 
       4.103904106922e-01       4.555250681952e+02 
       4.135966582238e-01       4.479072911532e+02 
       4.168029060498e-01       4.405053028271e+02 
       4.200091541635e-01       4.333333805507e+02 
       4.232154025582e-01       4.263994479173e+02 
       4.264216512277e-01       4.197035742180e+02 
       4.296279001657e-01       4.132379615317e+02 
       4.328341493663e-01       4.069865692788e+02 
       4.360403988236e-01       4.009294500088e+02 
       4.392466485321e-01       3.950482111486e+02 
       4.424528984861e-01       3.893141977798e+02 
       4.456591486805e-01       3.837072977606e+02 
       4.488653991100e-01       3.782042843409e+02 
       4.520716497696e-01       3.727867262360e+02 
       4.552779006544e-01       3.674408703955e+02 
       4.584841517598e-01       3.621570831978e+02 
       4.616904030810e-01       3.569312148176e+02 
       4.648966546137e-01       3.517611594984e+02 
       4.681029063533e-01       3.466539992014e+02 
       4.713091582958e-01       3.416167512273e+02 
       4.745154104370e-01       3.366585071900e+02 
       4.777216627728e-01       3.317897145208e+02 
       4.809279152994e-01       3.270211848243e+02 
       4.841341680130e-01       3.223599412358e+02 
       4.873404209098e-01       3.178125107973e+02 
       4.905466739863e-01       3.133816157889e+02 
       4.937529272389e-01       3.090667040096e+02 
       4.969591806642e-01       3.048640723669e+02 
       5.001654342589e-01       3.007666889899e+02 
       5.033716880197e-01       2.967684136882e+02 
       5.065779419436e-01       2.928569476692e+02 
       5.097841960273e-01       2.890245808383e+02 
       5.129904502679e-01       2.852617988999e+02 
       5.161967046624e-01       2.815599723025e+02 
       5.194029592081e-01       2.779136515882e+02 
       5.226092139020e-01       2.743189002321e+02 
       5.258154687415e-01       2.707725954270e+02 
       5.290217237240e-01       2.672751003968e+02 
       5.322279788468e-01       2.638265000499e+02 
       5.354342341074e-01       2.604296572075e+02 
       5.386404895033e-01       2.570865457299e+02 
       5.418467450322e-01       2.537989119877e+02 
       5.450530006916e-01       2.505703269641e+02 
       5.482592564793e-01       2.474013244555e+02 
       5.514655123931e-01       2.442935268363e+02 
       5.546717684307e-01       2.412464510224e+02 
       5.578780245900e-01       2.382600196690e+02 
       5.610842808689e-01       2.353323414688e+02 
       5.642905372654e-01       2.324614657185e+02 
       5.674967937774e-01       2.296456160585e+02 
       5.707030504030e-01       2.268819714637e+02 
       5.739093071404e-01       2.241678822270e+02 
       5.771155639876e-01       2.214992660352e+02 
       5.803218209428e-01       2.188766153449e+02 
       5.835280780042e-01       2.162952719322e+02 
       5.867343351701e-01       2.137539452790e+02 
       5.899405924388e-01       2.112500839748e+02 
       5.931468498086e-01       2.087838984764e+02 
       5.963531072778e-01       2.063547020482e+02 
       5.995593648449e-01       2.039602649609e+02 
       6.027656225083e-01       2.016000577993e+02 
       6.059718802665e-01       1.992763965004e+02 
       6.091781381180e-01       1.969887710441e+02 
       6.123843960612e-01       1.947379629927e+02 
       6.155906540948e-01       1.925225850684e+02 
       6.187969122173e-01       1.903436542990e+02 
       6.220031704275e-01       1.882012345968e+02 
       6.252094287238e-01       1.860945397917e+02 
       6.284156871051e-01       1.840230742150e+02 
       6.316219455699e-01       1.819864154749e+02 
       6.348282041171e-01       1.799830070792e+02 
       6.380344627454e-01       1.780115019386e+02 
       6.412407214535e-01       1.760712283778e+02 
       6.444469802403e-01       1.741607447302e+02 
       6.476532391046e-01       1.722790085744e+02 
       6.508594980453e-01       1.704251240904e+02 
       6.540657570612e-01       1.685979841250e+02 
       6.572720161512e-01       1.667970865722e+02 
       6.604782753143e-01       1.650218613794e+02 
       6.636845345493e-01       1.632717794515e+02 
       6.668907938553e-01       1.615465944098e+02 
       6.700970532312e-01       1.598461372180e+02 
       6.733033126760e-01       1.581700217494e+02 
       6.765095721888e-01       1.565180577998e+02 
       6.797158317686e-01       1.548899861647e+02 
       6.829220914143e-01       1.532857102351e+02 
       6.861283511252e-01       1.517050156767e+02 
       6.893346109002e-01       1.501475908347e+02 
       6.925408707386e-01       1.486128314509e+02 
       6.957471306394e-01       1.471007006796e+02 
       6.989533906017e-01       1.456105794339e+02 
       7.021596506247e-01       1.441421196802e+02 
       7.053659107076e-01       1.426947308393e+02 
       7.085721708496e-01       1.412677349425e+02 
       7.117784310499e-01       1.398608932327e+02 
       7.149846913076e-01       1.384735214957e+02 
       7.181909516221e-01       1.371051636838e+02 
       7.213972119925e-01       1.357554591962e+02 
       7.246034724181e-01       1.344238668195e+02 
       7.278097328982e-01       1.331104653094e+02 
       7.310159934321e-01       1.318142955151e+02 
       7.342222540190e-01       1.305355332203e+02 
       7.374285146582e-01       1.292738138887e+02 
       7.406347753492e-01       1.280287905227e+02 
       7.438410360911e-01       1.268004992354e+02 
       7.470472968834e-01       1.255886762644e+02 
       7.502535577254e-01       1.243927220424e+02 
       7.534598186165e-01       1.232130421974e+02 
       8.235950163117e-01       1.008968408074e+02 
       9.252559898069e-01       7.747343435949e+01 
       1.087052339298e+00       5.347584626942e+01 
