# Matter power spectrum P(k) at redshift z=0
# for k=1.04595e-05 to 1.0871 h/Mpc,
# number of wavenumbers equal to 603
#    1:k (h/Mpc)              2:P (Mpc/h)^3        
       1.045945127612e-05       4.769592088764e+01 
       2.331030718023e-05       1.034427946245e+02 
       3.620623530250e-05       1.582835189521e+02 
       4.918177117858e-05       2.127794467485e+02 
       6.227201971131e-05       2.672543716714e+02 
       7.551296673595e-05       3.219534921149e+02 
       8.894180051391e-05       3.770881137227e+02 
       1.025972474121e-04       4.328540120376e+02 
       1.165199260580e-04       4.894409079886e+02 
       1.307527242929e-04       5.470382264923e+02 
       1.453412032548e-04       6.058391422339e+02 
       1.603340328627e-04       6.660437427679e+02 
       1.757834628033e-04       7.278617551239e+02 
       1.917458327621e-04       7.915150535211e+02 
       2.082821250011e-04       8.572400762910e+02 
       2.254585613378e-04       9.252902209707e+02 
       2.433472449629e-04       9.959382554198e+02 
       2.620268451269e-04       1.069478765773e+03 
       2.815833192738e-04       1.146230599956e+03 
       3.021106623714e-04       1.226539291551e+03 
       3.237116666235e-04       1.310779372194e+03 
       3.464986660462e-04       1.399356470699e+03 
       3.705942291804e-04       1.492709039225e+03 
       3.961317492422e-04       1.591309484846e+03 
       4.232558642807e-04       1.695664452602e+03 
       4.521226209217e-04       1.806313890659e+03 
       4.828992752975e-04       1.923828512476e+03 
       5.157636062402e-04       2.048805167326e+03 
       5.509026026750e-04       2.181859647360e+03 
       5.885103850585e-04       2.323616444850e+03 
       6.287852368154e-04       2.474695106282e+03 
       6.719256638313e-04       2.635693007495e+03 
       7.181254746123e-04       2.807164735036e+03 
       7.675679828355e-04       2.989598688668e+03 
       8.204195717702e-04       3.183392051261e+03 
       8.768230094416e-04       3.388825934171e+03 
       9.368910358841e-04       3.606042736979e+03 
       1.000700823592e-03       3.835028291567e+03 
       1.068289905770e-03       4.075600884092e+03 
       1.139654055821e-03       4.327408982730e+03 
       1.214747393270e-03       4.589938247545e+03 
       1.293484722253e-03       4.862527669764e+03 
       1.375745835255e-03       5.144373126623e+03 
       1.461381295461e-03       5.434593377393e+03 
       1.550219087820e-03       5.732263472199e+03 
       1.642071514798e-03       6.036405784109e+03 
       1.736741792394e-03       6.346036421236e+03 
       1.834029941195e-03       6.660188639915e+03 
       1.933737727182e-03       6.977931521358e+03 
       2.035672555336e-03       7.298383938363e+03 
       2.139650336230e-03       7.620723679759e+03 
       2.245497424536e-03       7.944193037770e+03 
       2.353051771073e-03       8.268101339724e+03 
       2.462163444140e-03       8.591823804925e+03 
       2.572694670398e-03       8.914800366336e+03 
       2.684519528660e-03       9.236531934033e+03 
       2.797523407930e-03       9.556577011109e+03 
       2.911602318308e-03       9.874547316472e+03 
       3.026662122317e-03       1.019010283942e+04 
       3.142617736156e-03       1.050294820509e+04 
       3.259392335709e-03       1.081282812508e+04 
       3.376916590580e-03       1.111952358546e+04 
       3.495127940749e-03       1.142284625668e+04 
       3.613969924073e-03       1.172263822433e+04 
       3.733391558271e-03       1.201876461007e+04 
       3.853346777979e-03       1.231111555811e+04 
       3.973793925354e-03       1.259959857541e+04 
       4.094695291451e-03       1.288414105075e+04 
       4.216016704876e-03       1.316468067283e+04 
       4.337727163858e-03       1.344117439660e+04 
       4.459798507808e-03       1.371359108253e+04 
       4.582205124542e-03       1.398190816341e+04 
       4.704923689492e-03       1.424611239228e+04 
       4.827932933535e-03       1.450619277839e+04 
       4.951213436295e-03       1.476217463053e+04 
       5.074747442112e-03       1.501405022022e+04 
       5.198518696112e-03       1.526184798626e+04 
       5.322512298097e-03       1.550556226183e+04 
       5.446714572234e-03       1.574525211957e+04 
       5.571112950725e-03       1.598092689075e+04 
       5.695695869853e-03       1.621263173487e+04 
       5.820452677015e-03       1.644035748942e+04 
       5.945373547465e-03       1.666418186654e+04 
       6.070449409683e-03       1.688411795404e+04 
       6.195671878394e-03       1.710020896079e+04 
       6.321033194380e-03       1.731248191900e+04 
       6.446526170334e-03       1.752097573816e+04 
       6.572144142081e-03       1.772572057076e+04 
       6.697880924598e-03       1.792675926533e+04 
       6.823730772287e-03       1.812412299845e+04 
       6.949688343070e-03       1.831784997501e+04 
       7.075748665881e-03       1.850798008607e+04 
       7.201907111211e-03       1.869453757975e+04 
       7.328159364377e-03       1.887756510203e+04 
       7.454501401243e-03       1.905709532461e+04 
       7.580929466136e-03       1.923317127276e+04 
       7.707440051741e-03       1.940581025722e+04 
       7.834029880772e-03       1.957507171381e+04 
       7.960695889247e-03       1.974097277940e+04 
       8.087435211214e-03       1.990354974342e+04 
       8.214245164771e-03       2.006283913102e+04 
       8.341123239287e-03       2.021888524668e+04 
       8.468067083672e-03       2.037171937719e+04 
       8.595074495633e-03       2.052137526547e+04 
       8.722143411802e-03       2.066789611744e+04 
       8.849271898667e-03       2.081131500641e+04 
       8.976458144225e-03       2.095167290100e+04 
       9.103700450309e-03       2.108901495812e+04 
       9.230997225503e-03       2.122337114843e+04 
       9.358346978621e-03       2.135478938733e+04 
       9.485748312684e-03       2.148330128418e+04 
       9.613199919355e-03       2.160895354182e+04 
       9.740700573800e-03       2.173177791067e+04 
       9.868249129934e-03       2.185182513248e+04 
       9.995844516016e-03       2.196912753813e+04 
       1.012348573058e-02       2.208372754134e+04 
       1.025117183864e-02       2.219566435975e+04 
       1.037890196822e-02       2.230498330254e+04 
       1.050667530708e-02       2.241171864675e+04 
       1.063449109970e-02       2.251591207197e+04 
       1.076234864451e-02       2.261760465961e+04 
       1.089024729123e-02       2.271683890748e+04 
       1.101818643853e-02       2.281364952951e+04 
       1.114616553173e-02       2.290806805865e+04 
       1.127418406070e-02       2.300013645907e+04 
       1.140224155799e-02       2.308989786488e+04 
       1.153033759693e-02       2.317738370974e+04 
       1.165847179002e-02       2.326263046919e+04 
       1.178664378734e-02       2.334567323657e+04 
       1.191485327509e-02       2.342654899572e+04 
       1.204309997425e-02       2.350529521707e+04 
       1.217138363930e-02       2.358194353617e+04 
       1.229970405708e-02       2.365652255420e+04 
       1.242806104568e-02       2.372908700259e+04 
       1.255645445346e-02       2.379965484275e+04 
       1.268488415807e-02       2.386827967902e+04 
       1.281335006560e-02       2.393498432059e+04 
       1.294185210981e-02       2.399980756720e+04 
       1.307039025131e-02       2.406277962885e+04 
       1.319896447694e-02       2.412394651225e+04 
       1.332757479910e-02       2.418334167442e+04 
       1.345622125517e-02       2.424098056948e+04 
       1.358490390696e-02       2.429691929704e+04 
       1.371362284025e-02       2.435119460636e+04 
       1.384237816429e-02       2.440383037746e+04 
       1.397117001142e-02       2.445487920001e+04 
       1.409999853668e-02       2.450437122532e+04 
       1.422886391749e-02       2.455233410934e+04 
       1.435776635331e-02       2.459881856006e+04 
       1.448670606541e-02       2.464385500322e+04 
       1.461568329660e-02       2.468748731219e+04 
       1.474469831102e-02       2.472974759652e+04 
       1.487375139397e-02       2.477068577796e+04 
       1.500284285175e-02       2.481034158639e+04 
       1.513197301152e-02       2.484872967402e+04 
       1.526114222121e-02       2.488591997346e+04 
       1.539035084943e-02       2.492192736410e+04 
       1.551959928541e-02       2.495681225012e+04 
       1.564888793897e-02       2.499061168736e+04 
       1.577821724050e-02       2.502337682290e+04 
       1.590758764100e-02       2.505511944313e+04 
       1.603699961205e-02       2.508591028214e+04 
       1.616645364590e-02       2.511579068855e+04 
       1.629595025556e-02       2.514478618366e+04 
       1.642548997480e-02       2.517296357305e+04 
       1.655507335836e-02       2.520034602880e+04 
       1.668470098201e-02       2.522700797613e+04 
       1.681437344269e-02       2.525295953839e+04 
       1.694409135870e-02       2.527827397228e+04 
       1.707385536987e-02       2.530298358293e+04 
       1.720366613773e-02       2.532714571980e+04 
       1.733352434576e-02       2.535080722521e+04 
       1.746343069957e-02       2.537401428086e+04 
       1.759338592719e-02       2.539683018782e+04 
       1.772339077931e-02       2.541929061217e+04 
       1.785344602953e-02       2.544146410832e+04 
       1.798355247474e-02       2.546338524139e+04 
       1.811371093531e-02       2.548513472246e+04 
       1.824392225554e-02       2.550675342930e+04 
       1.837418730390e-02       2.552828981504e+04 
       1.850450697348e-02       2.554983594136e+04 
       1.863488218230e-02       2.557138550948e+04 
       1.876531387373e-02       2.559303666348e+04 
       1.889580301691e-02       2.561490416513e+04 
       1.902635060718e-02       2.563692413764e+04 
       1.915695766651e-02       2.565926390589e+04 
       1.928762524398e-02       2.568195284535e+04 
       1.941835441625e-02       2.570507013505e+04 
       1.954914628806e-02       2.572869395453e+04 
       1.968000199278e-02       2.575285489466e+04 
       1.981092269291e-02       2.577763592185e+04 
       1.994190958066e-02       2.580313507511e+04 
       2.007296387851e-02       2.582941661322e+04 
       2.020408683982e-02       2.585655423916e+04 
       2.033527974945e-02       2.588464484196e+04 
       2.046654392440e-02       2.591376689734e+04 
       2.059788071445e-02       2.594400064926e+04 
       2.072929150284e-02       2.597543376636e+04 
       2.086077770702e-02       2.600814569295e+04 
       2.099234077932e-02       2.604227760173e+04 
       2.112398220773e-02       2.607787504299e+04 
       2.125570351667e-02       2.611502758332e+04 
       2.138750626779e-02       2.615392077433e+04 
       2.151939206078e-02       2.619462787549e+04 
       2.165136253423e-02       2.623725097815e+04 
       2.178341936652e-02       2.628188359165e+04 
       2.191556427671e-02       2.632865216047e+04 
       2.204779902545e-02       2.637774051162e+04 
       2.218012541601e-02       2.642926646059e+04 
       2.231254529519e-02       2.648331678928e+04 
       2.244506055440e-02       2.653995744812e+04 
       2.257767313070e-02       2.659949899462e+04 
       2.271038500787e-02       2.666198841126e+04 
       2.284319821757e-02       2.672755735381e+04 
       2.297611484045e-02       2.679649413085e+04 
       2.310913700739e-02       2.686876680712e+04 
       2.324226690070e-02       2.694469765555e+04 
       2.337550675540e-02       2.702443177013e+04 
       2.350885886054e-02       2.710814114846e+04 
       2.364232556053e-02       2.719596258401e+04 
       2.377590925655e-02       2.728814210155e+04 
       2.390961240799e-02       2.738491212497e+04 
       2.404343753394e-02       2.748644209899e+04 
       2.417738721468e-02       2.759294156277e+04 
       2.431146409334e-02       2.770465345849e+04 
       2.444567087745e-02       2.782189349218e+04 
       2.458001034068e-02       2.794473553744e+04 
       2.471448532458e-02       2.807365267859e+04 
       2.484909874034e-02       2.820879046124e+04 
       2.498385357067e-02       2.835044274390e+04 
       2.511875287175e-02       2.849894808256e+04 
       2.525379977515e-02       2.865461408866e+04 
       2.538899748993e-02       2.881765840164e+04 
       2.552434930472e-02       2.898860856477e+04 
       2.565985858994e-02       2.916770223011e+04 
       2.579552880006e-02       2.935532952328e+04 
       2.593136347591e-02       2.955183479951e+04 
       2.606736624713e-02       2.975773084896e+04 
       2.620354083468e-02       2.997332463316e+04 
       2.633989105340e-02       3.019921788029e+04 
       2.647642081473e-02       3.043570673409e+04 
       2.661313412944e-02       3.068347815607e+04 
       2.675003511058e-02       3.094281879772e+04 
       2.688712797636e-02       3.121445870146e+04 
       2.702441705333e-02       3.149887198266e+04 
       2.716190677952e-02       3.179669129159e+04 
       2.729960170775e-02       3.210853640293e+04 
       2.743750650911e-02       3.243499128135e+04 
       2.757562597648e-02       3.277701715167e+04 
       2.771396502822e-02       3.313506211699e+04 
       2.785252871204e-02       3.351005666812e+04 
       2.799132220894e-02       3.390287216250e+04 
       2.813035083738e-02       3.431414649007e+04 
       2.826962005749e-02       3.474494224341e+04 
       2.840913547559e-02       3.519627323658e+04 
       2.854890284881e-02       3.566899204019e+04 
       2.868892808984e-02       3.616428999433e+04 
       2.882921727198e-02       3.668331743946e+04 
       2.896977663430e-02       3.722721015423e+04 
       2.911061258706e-02       3.779732557806e+04 
       2.925173171731e-02       3.839495903725e+04 
       2.939314079477e-02       3.902151474447e+04 
       2.953484677786e-02       3.967854951238e+04 
       2.967685682010e-02       4.036766027039e+04 
       2.981917827669e-02       4.109056462925e+04 
       2.996181871138e-02       4.184914092063e+04 
       3.010478590365e-02       4.264525413592e+04 
       3.024808785622e-02       4.348090007004e+04 
       3.039173280281e-02       4.435838822098e+04 
       3.053572921631e-02       4.528007737512e+04 
       3.068008581728e-02       4.624832158700e+04 
       3.082481158283e-02       4.726569806368e+04 
       3.096991575588e-02       4.833520704582e+04 
       3.111540785488e-02       4.945982618588e+04 
       3.126129768393e-02       5.064265765975e+04 
       3.140759534336e-02       5.188744544302e+04 
       3.155431124089e-02       5.319737070155e+04 
       3.170145610315e-02       5.457682010947e+04 
       3.184904098793e-02       5.602986505141e+04 
       3.199707729687e-02       5.756090739448e+04 
       3.214557678880e-02       5.917486919931e+04 
       3.229455159381e-02       6.087694837518e+04 
       3.244401422787e-02       6.267289073257e+04 
       3.259397760830e-02       6.456820010822e+04 
       3.274445506993e-02       6.656978710480e+04 
       3.289546038212e-02       6.868394405931e+04 
       3.304700776665e-02       7.091871580672e+04 
       3.319911191653e-02       7.328157806784e+04 
       3.335178801573e-02       7.578157403409e+04 
       3.350505176008e-02       7.842727961271e+04 
       3.365891937914e-02       8.122924021706e+04 
       3.381340765937e-02       8.419770663419e+04 
       3.396853396843e-02       8.734447854583e+04 
       3.412431628097e-02       9.068189701862e+04 
       3.428077320572e-02       9.422315271739e+04 
       3.443792401414e-02       9.798308526311e+04 
       3.459578867079e-02       1.019773140137e+05 
       3.475438786525e-02       1.062226385456e+05 
       3.491374304612e-02       1.107373731759e+05 
       3.507387645685e-02       1.155417126100e+05 
       3.523481117374e-02       1.206569612289e+05 
       3.539657114633e-02       1.261067032823e+05 
       3.555918124006e-02       1.319162465079e+05 
       3.572266728174e-02       1.381131748001e+05 
       3.588705610774e-02       1.447276527703e+05 
       3.605237561526e-02       1.517923250524e+05 
       3.621865481690e-02       1.593427255265e+05 
       3.638592389868e-02       1.674176343578e+05 
       3.655421428199e-02       1.760599020540e+05 
       3.672355868951e-02       1.853149460855e+05 
       3.689399121566e-02       1.952340619183e+05 
       3.706554740183e-02       2.058725953893e+05 
       3.723826431676e-02       2.172910888256e+05 
       3.741218064260e-02       2.295557028480e+05 
       3.758733676700e-02       2.427400949527e+05 
       3.776377488191e-02       2.569242032415e+05 
       3.794153908953e-02       2.721968479619e+05 
       3.812067551606e-02       2.886552869430e+05 
       3.830123243404e-02       3.064065240793e+05 
       3.848326039396e-02       3.255700608708e+05 
       3.866681236607e-02       3.462771460454e+05 
       3.885194389323e-02       3.686741674305e+05 
       3.903871325600e-02       3.929220606751e+05 
       3.922718165097e-02       4.192024932834e+05 
       3.941741338382e-02       4.477139770479e+05 
       3.960947607839e-02       4.786818301533e+05 
       3.980344090344e-02       5.123549068123e+05 
       3.999938281900e-02       5.490127404792e+05 
       4.019738084416e-02       5.889704214330e+05 
       4.039751834875e-02       6.325770465140e+05 
       4.059988337135e-02       6.802368461248e+05 
       4.080456896657e-02       7.323930852928e+05 
       4.101167358483e-02       7.895563716489e+05 
       4.122130148835e-02       8.523038165695e+05 
       4.143356320744e-02       9.212889635555e+05 
       4.164857604193e-02       9.972580676924e+05 
       4.186646461303e-02       1.081067614954e+06 
       4.208736147177e-02       1.173699466285e+06 
       4.231140777109e-02       1.276282889798e+06 
       4.253875400956e-02       1.390119272959e+06 
       4.276956085597e-02       1.516718897945e+06 
       4.300400006543e-02       1.657841763352e+06 
       4.324225549923e-02       1.815532829461e+06 
       4.348452426262e-02       1.992188085641e+06 
       4.373101797711e-02       2.190624963378e+06 
       4.398196420624e-02       2.414184989703e+06 
       4.423760805749e-02       2.666802292800e+06 
       4.449821398635e-02       2.953178022037e+06 
       4.476406783332e-02       3.278951185006e+06 
       4.503547913041e-02       3.650859542243e+06 
       4.531278371973e-02       4.077081846890e+06 
       4.559634673543e-02       4.567538719562e+06 
       4.588656600946e-02       5.134350008750e+06 
       4.618387597386e-02       5.792456381826e+06 
       4.648875214666e-02       6.560245445456e+06 
       4.680171630621e-02       7.460713033996e+06 
       4.712334248111e-02       8.522663397287e+06 
       4.745426390973e-02       9.782419114400e+06 
       4.779518115776e-02       1.128633470382e+07 
       4.814687162409e-02       1.309383775613e+07 
       4.851020071896e-02       1.528188153615e+07 
       4.888613506499e-02       1.795125901849e+07 
       4.927575815639e-02       2.123503532605e+07 
       4.968028901898e-02       2.531113003818e+07 
       5.010110455025e-02       3.041997785397e+07 
       5.053976639221e-02       3.689125078976e+07 
       5.099805341175e-02       4.518305177367e+07 
       5.147800114538e-02       5.594295157097e+07 
       5.198194992303e-02       7.009979874294e+07 
       5.251260383619e-02       8.901245783554e+07 
       5.307310327366e-02       1.147058494161e+08 
       5.366711442156e-02       1.502646989114e+08 
       5.429893989830e-02       2.004921994874e+08 
       5.497365550233e-02       2.730602968438e+08 
       5.569727871036e-02       3.805582116545e+08 
       5.647697466374e-02       5.442895519724e+08 
       5.732130405290e-02       8.015695238868e+08 
       5.824051282784e-02       1.220441787073e+09 
       5.924685276739e-02       1.930961371675e+09 
       6.035489888279e-02       3.195788313731e+09 
       6.158178531351e-02       5.579905037402e+09 
       6.294720433970e-02       1.038477095016e+10 
       6.447289755103e-02       2.081803472157e+10 
       6.618123948228e-02       4.529702524833e+10 
       6.809248197195e-02       1.072886345604e+11 
       7.022053602821e-02       2.765030108318e+11 
       7.256808306568e-02       7.792608274871e+11 
       7.512311017323e-02       2.395002644807e+12 
       7.785939638797e-02       7.861317379937e+12 
       8.074165266631e-02       2.720875503676e+13 
       8.373292199852e-02       1.006928962744e+14 
       8.680063502811e-02       4.023646439028e+14 
       8.991943776156e-02       1.653832879060e+15 
       9.307124070550e-02       6.902644114847e+15 
       9.624387697760e-02       3.070982392772e+16 
       9.942947308224e-02       1.459651564188e+17 
       1.026230576583e-01       6.946951358161e+17 
       1.058215396344e-01       3.158904737897e+18 
       1.090230151510e-01       1.404599773796e+19 
       1.122263182806e-01       6.351780360801e+19 
       1.154307374217e-01       2.862178003219e+20 
       1.186358390825e-01       1.252932278116e+21 
       1.218413594245e-01       5.332088899125e+21 
       1.250471378911e-01       2.201939581059e+22 
       1.282530767293e-01       9.024808047570e+22 
       1.314591163540e-01       3.873378804473e+23 
       1.346652203727e-01       1.772981613871e+24 
       1.378713664884e-01       8.317180574385e+24 
       1.410775409753e-01       3.848353615906e+25 
       1.442837353244e-01       1.757809469485e+26 
       1.474899442070e-01       8.127251610211e+26 
       1.506961642370e-01       3.817651224133e+27 
       1.539023932190e-01       1.745796194649e+28 
       1.571086296913e-01       7.543456170303e+28 
       1.603148726470e-01       3.288667011278e+29 
       1.635211213646e-01       1.438984567497e+30 
       1.667273753036e-01       6.000900142612e+30 
       1.699336340410e-01       2.451455666786e+31 
       1.731398972320e-01       1.047521831446e+32 
       1.763461645853e-01       4.762265775876e+32 
       1.795524358478e-01       2.223956349447e+33 
       1.827587107950e-01       1.040931726212e+34 
       1.859649892243e-01       4.913773316399e+34 
       1.891712709509e-01       2.309783059800e+35 
       1.923775558045e-01       1.045531515598e+36 
       1.955838436280e-01       4.822605688846e+36 
       1.987901342750e-01       2.256230880179e+37 
       2.019964276091e-01       9.904199094294e+37 
       2.052027235029e-01       4.022728834750e+38 
       2.084090218370e-01       1.637538806430e+39 
       2.116153224995e-01       6.897670062255e+39 
       2.148216253853e-01       2.925628123009e+40 
       2.180279303954e-01       1.276252901351e+41 
       2.212342374368e-01       5.890449167298e+41 
       2.244405464217e-01       2.759822256837e+42 
       2.276468572676e-01       1.316547621907e+43 
       2.308531698963e-01       6.004732226774e+43 
       2.340594842340e-01       2.782867069559e+44 
       2.372658002110e-01       1.344492862533e+45 
       2.404721177612e-01       6.240035650652e+45 
       2.436784368222e-01       2.696288251671e+46 
       2.468847573347e-01       1.134886942991e+47 
       2.500910792426e-01       4.678704342042e+47 
       2.532974024925e-01       1.911209918381e+48 
       2.565037270337e-01       8.000090090793e+48 
       2.597100528182e-01       3.506969713894e+49 
       2.629163798002e-01       1.556184398668e+50 
       2.661227079362e-01       6.713688088006e+50 
       2.693290371846e-01       3.016030110031e+51 
       2.725353675061e-01       1.497644693271e+52 
       2.757416988629e-01       7.406878662062e+52 
       2.789480312192e-01       3.387116349927e+53 
       2.821543645406e-01       1.499122580042e+54 
       2.853606987945e-01       6.702090969822e+54 
       2.885670339496e-01       2.938417406502e+55 
       2.917733699761e-01       1.254171290033e+56 
       2.949797068453e-01       5.331748978920e+56 
       2.981860445300e-01       2.251526829961e+57 
       3.013923830039e-01       9.663531314729e+57 
       3.045987222421e-01       4.189251534315e+58 
       3.078050622205e-01       1.792858462375e+59 
       3.110114029161e-01       7.835634708572e+59 
       3.142177443068e-01       3.548232689306e+60 
       3.174240863716e-01       1.647018653529e+61 
       3.206304290899e-01       7.768132350738e+61 
       3.238367724424e-01       3.552438416582e+62 
       3.270431164103e-01       1.504470636021e+63 
       3.302494609756e-01       6.204977847595e+63 
       3.334558061210e-01       2.618583992743e+64 
       3.366621518297e-01       1.237513491099e+65 
       3.398684980859e-01       5.408723244065e+65 
       3.430748448741e-01       2.344386669424e+66 
       3.462811921793e-01       9.929001007329e+66 
       3.494875399875e-01       4.502472709624e+67 
       3.526938882846e-01       2.080081776440e+68 
       3.559002370576e-01       9.644376995306e+68 
       3.591065862936e-01       4.490804592477e+69 
       3.623129359801e-01       1.967277965660e+70 
       3.655192861054e-01       8.181793958669e+70 
       3.687256366580e-01       3.496641525120e+71 
       3.719319876266e-01       1.505417206691e+72 
       3.751383390007e-01       6.215713114369e+72 
       3.783446907699e-01       2.509636914263e+73 
       3.815510429241e-01       1.030354762547e+74 
       3.847573954537e-01       4.512420686054e+74 
       3.879637483494e-01       2.003218518670e+75 
       3.911701016021e-01       8.777971434734e+75 
       3.943764552030e-01       4.205034504025e+76 
       3.975828091438e-01       2.161877160146e+77 
       4.007891634162e-01       1.073028129426e+78 
       4.039955180123e-01       4.925869337102e+78 
       4.072018729244e-01       2.096352503314e+79 
       4.104082281451e-01       8.728183537755e+79 
       4.136145836672e-01       3.693399802717e+80 
       4.168209394837e-01       1.558623902262e+81 
       4.200272955878e-01       6.454004121808e+81 
       4.232336519729e-01       2.574297151938e+82 
       4.264400086328e-01       9.783072598592e+82 
       4.296463655613e-01       3.873336640148e+83 
       4.328527227522e-01       1.851721671363e+84 
       4.360590801999e-01       8.710512382258e+84 
       4.392654378987e-01       3.965859030068e+85 
       4.424717958431e-01       1.878235065534e+86 
       4.456781540278e-01       9.245537714812e+86 
       4.488845124476e-01       4.450029984031e+87 
       4.520908710975e-01       2.020449179882e+88 
       4.552972299726e-01       8.435273526025e+88 
       4.585035890682e-01       3.436288168305e+89 
       4.617099483797e-01       1.455588130560e+90 
       4.649163079026e-01       5.917387548613e+90 
       4.681226676325e-01       2.349989255791e+91 
       4.713290275652e-01       9.327178520136e+91 
       4.745353876966e-01       3.770741872314e+92 
       4.777417480226e-01       1.695975417838e+93 
       4.809481085394e-01       8.375037805169e+93 
       4.841544692431e-01       4.047389130494e+94 
       4.873608301301e-01       1.838183629014e+95 
       4.905671911967e-01       8.039225061674e+95 
       4.937735524395e-01       3.606783001075e+96 
       4.969799138549e-01       1.693708325922e+97 
       5.001862754398e-01       7.772407068882e+97 
       5.033926371907e-01       3.137645300659e+98 
       5.065989991046e-01       1.177831920607e+99 
       5.098053611785e-01       4.502154430125e+99 
       5.130117234091e-01      1.842454423385e+100 
       5.162180857938e-01      7.786278475674e+100 
       5.194244483295e-01      3.428201419154e+101 
       5.226308110135e-01      1.594681241934e+102 
       5.258371738431e-01      7.161383546220e+102 
       5.290435368155e-01      3.417779427882e+103 
       5.322498999284e-01      1.694800933566e+104 
       5.354562631790e-01      8.017323071887e+104 
       5.386626265649e-01      3.472722811664e+105 
       5.418689900838e-01      1.488476890913e+106 
       5.450753537333e-01      6.546431491827e+106 
       5.482817175110e-01      2.714847517399e+107 
       5.514880814147e-01      1.031023862458e+108 
       5.546944454423e-01      3.745209402478e+108 
       5.579008095916e-01      1.375758386675e+109 
       5.611071738604e-01      5.611932352713e+109 
       5.643135382469e-01      2.379779153965e+110 
       5.675199027489e-01      1.042342641404e+111 
       5.707262673645e-01      5.534896006130e+111 
       5.739326320918e-01      3.032208826762e+112 
       5.771389969289e-01      1.503697857033e+113 
       5.803453618740e-01      7.139918163703e+113 
       5.835517269254e-01      3.310921094069e+114 
       5.867580920812e-01      1.421137649824e+115 
       5.899644573398e-01      5.670390866204e+115 
       5.931708226995e-01      2.391290713455e+116 
       5.963771881587e-01      9.560962420112e+116 
       5.995835537157e-01      3.653862269767e+117 
       6.027899193690e-01      1.237788020272e+118 
       6.059962851170e-01      2.984393890796e+118 
       6.092026509584e-01      8.702155736713e+118 
       6.124090168915e-01      6.626732240015e+119 
       6.156153829150e-01      4.079401856741e+120 
       6.188217490274e-01      2.427337902107e+121 
       6.220281152274e-01      1.289622037566e+122 
       6.252344815136e-01      5.870890947788e+122 
       6.284408478847e-01      2.410415222200e+123 
       6.316472143394e-01      1.176766270170e+124 
       6.348535808764e-01      4.749200968627e+124 
       6.380599474945e-01      2.037457518820e+125 
       6.412663141925e-01      8.153907570901e+125 
       6.444726809691e-01      2.928414766005e+126 
       6.476790478233e-01      9.866294752450e+126 
       6.508854147538e-01      2.965987381987e+127 
       6.540917817595e-01      7.039158745457e+127 
       6.572981488393e-01      4.951666816581e+128 
       6.605045159922e-01      3.352373742419e+129 
       6.637108832171e-01      1.743399415968e+130 
       6.669172505129e-01      9.020899208481e+130 
       6.701236178786e-01      4.531495600300e+131 
       6.733299853132e-01      2.111703216622e+132 
       6.765363528158e-01      9.220203456303e+132 
       6.797427203853e-01      3.741402146389e+133 
       6.829490880209e-01      1.442047218811e+134 
       6.861554557215e-01      5.511881512752e+134 
       6.893618234864e-01      1.884818028988e+135 
       6.925681913145e-01      5.603189724939e+135 
       6.957745592050e-01      2.282407155152e+136 
       6.989809271571e-01      1.231239628017e+137 
       7.021872951700e-01      6.030569579885e+137 
       7.053936632427e-01      2.723746182689e+138 
       7.086000313744e-01      1.350113614060e+139 
       7.118063995644e-01      7.314257681409e+139 
       7.150127678119e-01      3.359094143072e+140 
       7.182191361161e-01      1.636005312219e+141 
       7.214255044763e-01      7.273311243861e+141 
       7.246318728917e-01      3.043419888367e+142 
       7.278382413615e-01      1.195542040050e+143 
       7.310446098851e-01      4.408636508349e+143 
       7.342509784617e-01      1.648529474715e+144 
       7.374573470908e-01      6.258835200343e+144 
       7.406637157714e-01      1.845472195882e+145 
       7.438700845031e-01      8.103905779695e+145 
       7.470764532852e-01      4.162152828429e+146 
       7.502828221169e-01      2.547594561472e+147 
       7.534891909977e-01      1.271034765204e+148 
       8.236282632400e-01      9.425812013596e+161 
       9.252955195736e-01      1.376918728309e+182 
       1.087102628634e+00      7.461427602852e+213 
