# Matter power spectrum P(k) at redshift z=0
# for k=1.04588e-05 to 1.08705 h/Mpc,
# number of wavenumbers equal to 603
#    1:k (h/Mpc)              2:P (Mpc/h)^3        
       1.045881941251e-05       4.770024377673e+01 
       2.330924113169e-05       1.034537052852e+02 
       3.620472976707e-05       1.583010356433e+02 
       4.917981733626e-05       2.128037335664e+02 
       6.226960512141e-05       2.672857098173e+02 
       7.551007518132e-05       3.219922785897e+02 
       8.893841178972e-05       3.771348639887e+02 
       1.025933370557e-04       4.329093695836e+02 
       1.165154650151e-04       4.895056592173e+02 
       1.307476785157e-04       5.471133191983e+02 
       1.453355332239e-04       6.059257071432e+02 
       1.603276930275e-04       6.661431233417e+02 
       1.757764009306e-04       7.279755429642e+02 
       1.917379891860e-04       7.916451308762e+02 
       2.082734317629e-04       8.573886677789e+02 
       2.254489412087e-04       9.254599582964e+02 
       2.433366103392e-04       9.961322570649e+02 
       2.620150967933e-04       1.069700729150e+03 
       2.815703450294e-04       1.146484918687e+03 
       3.020963355224e-04       1.226831195286e+03 
       3.236958443531e-04       1.311115100598e+03 
       3.464811876832e-04       1.399743481410e+03 
       3.705749144072e-04       1.493156258962e+03 
       3.961103963024e-04       1.591827619022e+03 
       4.232322482759e-04       1.696266351092e+03 
       4.520964923216e-04       1.807014990330e+03 
       4.828703588271e-04       1.924647355937e+03 
       5.157316003481e-04       2.049764014161e+03 
       5.508671798277e-04       2.182985173093e+03 
       5.884711931304e-04       2.324940532089e+03 
       6.287419018471e-04       2.476255698199e+03 
       6.718777943943e-04       2.637535027506e+03 
       7.180726679276e-04       2.809340974935e+03 
       7.675098326465e-04       2.992170629402e+03 
       8.203556777635e-04       3.186430510073e+03 
       8.767529877616e-04       3.392411376837e+03 
       9.368145300514e-04       3.610265157126e+03 
       1.000617514947e-03       3.839986492588e+03 
       1.068199522502e-03       4.081401029866e+03 
       1.139556379724e-03       4.334162378167e+03 
       1.214642263612e-03       4.597758319910e+03 
       1.293372036497e-03       4.871526218860e+03 
       1.375625546752e-03       5.154656191531e+03 
       1.461253408596e-03       5.446256730445e+03 
       1.550083651307e-03       5.745388590603e+03 
       1.641928613908e-03       6.051056057522e+03 
       1.736591540875e-03       6.362254241399e+03 
       1.833872473500e-03       6.677993622765e+03 
       1.933573191433e-03       6.997319986279e+03 
       2.035501107284e-03       7.319329422158e+03 
       2.139472134317e-03       7.643178992557e+03 
       2.245312626023e-03       7.968092679233e+03 
       2.352860529154e-03       8.293364768688e+03 
       2.461965905902e-03       8.618358919471e+03 
       2.572490975481e-03       8.942506876315e+03 
       2.684309808464e-03       9.265304679681e+03 
       2.797307785256e-03       9.586308402058e+03 
       2.911380907304e-03       9.905129308988e+03 
       3.026435028653e-03       1.022142827366e+04 
       3.142385057350e-03       1.053491162695e+04 
       3.259154161547e-03       1.084532548486e+04 
       3.376673003591e-03       1.115245281748e+04 
       3.494879016711e-03       1.145610631194e+04 
       3.613715732517e-03       1.175612855866e+04 
       3.733132162977e-03       1.205238517558e+04 
       3.853082237450e-03       1.234476570980e+04 
       3.973524293263e-03       1.263317633784e+04 
       4.094420617062e-03       1.291754365973e+04 
       4.215737033430e-03       1.319780271527e+04 
       4.337442536930e-03       1.347390779265e+04 
       4.459508963635e-03       1.374582420752e+04 
       4.581910698319e-03       1.401352523077e+04 
       4.704624413644e-03       1.427699127581e+04 
       4.827628837964e-03       1.453620488821e+04 
       4.950904548601e-03       1.479116848730e+04 
       5.074433787798e-03       1.504189939140e+04 
       5.198200298764e-03       1.528839138856e+04 
       5.322189179552e-03       1.553065987218e+04 
       5.446386752730e-03       1.576871583034e+04 
       5.570780449033e-03       1.600258087347e+04 
       5.695358703405e-03       1.623227389439e+04 
       5.820110862010e-03       1.645782085458e+04 
       5.945027098973e-03       1.667924782304e+04 
       6.070098341735e-03       1.689658367781e+04 
       6.195316204065e-03       1.710986064328e+04 
       6.320672925865e-03       1.731911262840e+04 
       6.446161319014e-03       1.752437058079e+04 
       6.571774718589e-03       1.772566081933e+04 
       6.697506938873e-03       1.792303450705e+04 
       6.823352233626e-03       1.811652065140e+04 
       6.949305260174e-03       1.830616086500e+04 
       7.075361046901e-03       1.849199337503e+04 
       7.201514963785e-03       1.867405208331e+04 
       7.327762695666e-03       1.885237970071e+04 
       7.454100217965e-03       1.902700996906e+04 
       7.580523774596e-03       1.919799618065e+04 
       7.707029857858e-03       1.936536043272e+04 
       7.833615190104e-03       1.952916253857e+04 
       7.960276707015e-03       1.968942712226e+04 
       8.087011542324e-03       1.984619275057e+04 
       8.213817013834e-03       1.999950420993e+04 
       8.340690610635e-03       2.014940434265e+04 
       8.467629981377e-03       2.029592324139e+04 
       8.594632923522e-03       2.043910092582e+04 
       8.721697373472e-03       2.057898024350e+04 
       8.848821397495e-03       2.071559596604e+04 
       8.976003183386e-03       2.084897649364e+04 
       9.103241032781e-03       2.097917154991e+04 
       9.230533354083e-03       2.110620309078e+04 
       9.357878655930e-03       2.123011448997e+04 
       9.485275541180e-03       2.135094432556e+04 
       9.612722701339e-03       2.146872069674e+04 
       9.740218911425e-03       2.158348089148e+04 
       9.867763025211e-03       2.169525592237e+04 
       9.995353970821e-03       2.180408652725e+04 
       1.012299074666e-02       2.191000265468e+04 
       1.025067241762e-02       2.201303397949e+04 
       1.037839811162e-02       2.211323106710e+04 
       1.050616701629e-02       2.221060862996e+04 
       1.063397837601e-02       2.230521554645e+04 
       1.076183148910e-02       2.239707315594e+04 
       1.088972570520e-02       2.248622243369e+04 
       1.101766042286e-02       2.257269733043e+04 
       1.114563508732e-02       2.265653543859e+04 
       1.127364918837e-02       2.273775675985e+04 
       1.140170225846e-02       2.281640149544e+04 
       1.152979387085e-02       2.289250320587e+04 
       1.165792363796e-02       2.296609294937e+04 
       1.178609120978e-02       2.303720113527e+04 
       1.191429627244e-02       2.310586215419e+04 
       1.204253854684e-02       2.317210839025e+04 
       1.217081778741e-02       2.323595754832e+04 
       1.229913378091e-02       2.329745592981e+04 
       1.242748634537e-02       2.335663626251e+04 
       1.255587532906e-02       2.341351368787e+04 
       1.268430060958e-02       2.346812411240e+04 
       1.281276209297e-02       2.352049926534e+04 
       1.294125971290e-02       2.357066553334e+04 
       1.306979342995e-02       2.361865027707e+04 
       1.319836323088e-02       2.366448707059e+04 
       1.332696912803e-02       2.370818469067e+04 
       1.345561115874e-02       2.374979713007e+04 
       1.358428938475e-02       2.378932883992e+04 
       1.371300389177e-02       2.382681751993e+04 
       1.384175478902e-02       2.386227687109e+04 
       1.397054220877e-02       2.389574275393e+04 
       1.409936630601e-02       2.392724632672e+04 
       1.422822725810e-02       2.395680487024e+04 
       1.435712526446e-02       2.398443711861e+04 
       1.448606054628e-02       2.401017991799e+04 
       1.461503334634e-02       2.403404345785e+04 
       1.474404392871e-02       2.405607583419e+04 
       1.487309257866e-02       2.407627133618e+04 
       1.500217960241e-02       2.409467272349e+04 
       1.513130532708e-02       2.411130072785e+04 
       1.526047010054e-02       2.412617566197e+04 
       1.538967429135e-02       2.413932536958e+04 
       1.551891828869e-02       2.415076307169e+04 
       1.564820250232e-02       2.416052948855e+04 
       1.577752736258e-02       2.416862484805e+04 
       1.590689332041e-02       2.417508337530e+04 
       1.603630084735e-02       2.417992106817e+04 
       1.616575043559e-02       2.418316943563e+04 
       1.629524259806e-02       2.418483698114e+04 
       1.642477786850e-02       2.418495865681e+04 
       1.655435680159e-02       2.418354177079e+04 
       1.668397997304e-02       2.418061230055e+04 
       1.681364797972e-02       2.417619660415e+04 
       1.694336143990e-02       2.417030981988e+04 
       1.707312099333e-02       2.416295884040e+04 
       1.720292730149e-02       2.415419226262e+04 
       1.733278104779e-02       2.414400243608e+04 
       1.746268293778e-02       2.413243683882e+04 
       1.759263369944e-02       2.411949579262e+04 
       1.772263408338e-02       2.410519346551e+04 
       1.785268486317e-02       2.408958195091e+04 
       1.798278683559e-02       2.407261675666e+04 
       1.811294082098e-02       2.405438760876e+04 
       1.824314766355e-02       2.403487713363e+04 
       1.837340823173e-02       2.401412732378e+04 
       1.850372341851e-02       2.399210571228e+04 
       1.863409414186e-02       2.396891292035e+04 
       1.876452134508e-02       2.394447707159e+04 
       1.889500599723e-02       2.391887714314e+04 
       1.902554909359e-02       2.389210216128e+04 
       1.915615165603e-02       2.386421981009e+04 
       1.928681473357e-02       2.383520989970e+04 
       1.941753940280e-02       2.380509300139e+04 
       1.954832676837e-02       2.377385495554e+04 
       1.967917796358e-02       2.374157549540e+04 
       1.981009415084e-02       2.370824041616e+04 
       1.994107652227e-02       2.367388629351e+04 
       2.007212630029e-02       2.363850377450e+04 
       2.020324473815e-02       2.360213734634e+04 
       2.033443312064e-02       2.356477683853e+04 
       2.046569276465e-02       2.352647048007e+04 
       2.059702501987e-02       2.348722314457e+04 
       2.072843126947e-02       2.344702715028e+04 
       2.085991293079e-02       2.340593929083e+04 
       2.099147145605e-02       2.336391650746e+04 
       2.112310833317e-02       2.332106260260e+04 
       2.125482508644e-02       2.327734823191e+04 
       2.138662327742e-02       2.323274634790e+04 
       2.151850450569e-02       2.318732502556e+04 
       2.165047040974e-02       2.314113655043e+04 
       2.178252266783e-02       2.309412143465e+04 
       2.191466299890e-02       2.304630701467e+04 
       2.204689316352e-02       2.299772802940e+04 
       2.217921496479e-02       2.294841567733e+04 
       2.231163024943e-02       2.289834859710e+04 
       2.244414090871e-02       2.284758105069e+04 
       2.257674887956e-02       2.279609508476e+04 
       2.270945614564e-02       2.274387303943e+04 
       2.284226473847e-02       2.269100883693e+04 
       2.297517673858e-02       2.263750116116e+04 
       2.310819427670e-02       2.258326870423e+04 
       2.324131953499e-02       2.252850425687e+04 
       2.337455474835e-02       2.247305747773e+04 
       2.350790220566e-02       2.241694823528e+04 
       2.364136425118e-02       2.236030535580e+04 
       2.377494328595e-02       2.230304361218e+04 
       2.390864176919e-02       2.224522855247e+04 
       2.404246221982e-02       2.218687890788e+04 
       2.417640721797e-02       2.212791248626e+04 
       2.431047940659e-02       2.206849951636e+04 
       2.444468149303e-02       2.200845370399e+04 
       2.457901625080e-02       2.194799628355e+04 
       2.471348652124e-02       2.188702205911e+04 
       2.484809521537e-02       2.182557909517e+04 
       2.498284531570e-02       2.176368508047e+04 
       2.511773987822e-02       2.170123743314e+04 
       2.525278203428e-02       2.163840955949e+04 
       2.538797499274e-02       2.157513110133e+04 
       2.552332204203e-02       2.151144447451e+04 
       2.565882655234e-02       2.144738491570e+04 
       2.579449197791e-02       2.138288669720e+04 
       2.593032185935e-02       2.131801315294e+04 
       2.606631982606e-02       2.125269834813e+04 
       2.620248959875e-02       2.118707289553e+04 
       2.633883499203e-02       2.112110444980e+04 
       2.647535991705e-02       2.105478054132e+04 
       2.661206838436e-02       2.098814179673e+04 
       2.674896450671e-02       2.092111690940e+04 
       2.688605250205e-02       2.085381006592e+04 
       2.702333669664e-02       2.078619313881e+04 
       2.716082152821e-02       2.071830372630e+04 
       2.729851154929e-02       2.065013570082e+04 
       2.743641143066e-02       2.058167094434e+04 
       2.757452596487e-02       2.051296227404e+04 
       2.771286006997e-02       2.044401191255e+04 
       2.785141879334e-02       2.037479806125e+04 
       2.799020731563e-02       2.030535641907e+04 
       2.812923095492e-02       2.023565917623e+04 
       2.826849517101e-02       2.016576392855e+04 
       2.840800556983e-02       2.009565883146e+04 
       2.854776790812e-02       2.002531909035e+04 
       2.868778809819e-02       1.995481529761e+04 
       2.882807221291e-02       1.988416158353e+04 
       2.896862649094e-02       1.981332902833e+04 
       2.910945734210e-02       1.974228647373e+04 
       2.925057135301e-02       1.967113636035e+04 
       2.939197529290e-02       1.959976534683e+04 
       2.953367611974e-02       1.952830150109e+04 
       2.967568098656e-02       1.945664568511e+04 
       2.981799724804e-02       1.938495922888e+04 
       2.996063246741e-02       1.931301030932e+04 
       3.010359442363e-02       1.924104501718e+04 
       3.024689111886e-02       1.916891933253e+04 
       3.039053078624e-02       1.909675900105e+04 
       3.053452189808e-02       1.902442771311e+04 
       3.067887317433e-02       1.895204402664e+04 
       3.082359359147e-02       1.887953842529e+04 
       3.096869239178e-02       1.880701780987e+04 
       3.111417909302e-02       1.873440825038e+04 
       3.126006349860e-02       1.866168678321e+04 
       3.140635570815e-02       1.858893590861e+04 
       3.155306612863e-02       1.851618963894e+04 
       3.170020548591e-02       1.844325706730e+04 
       3.184778483700e-02       1.837039527407e+04 
       3.199581558268e-02       1.829741368451e+04 
       3.214430948098e-02       1.822449814006e+04 
       3.229327866107e-02       1.815152176094e+04 
       3.244273563803e-02       1.807845506175e+04 
       3.259269332822e-02       1.800541358195e+04 
       3.274316506549e-02       1.793235926116e+04 
       3.289416461819e-02       1.785924695102e+04 
       3.304570620706e-02       1.778621319105e+04 
       3.319780452398e-02       1.771317798433e+04 
       3.335047475181e-02       1.764006737839e+04 
       3.350373258518e-02       1.756698603243e+04 
       3.365759425245e-02       1.749394376243e+04 
       3.381207653878e-02       1.742087244696e+04 
       3.396719681052e-02       1.734784876943e+04 
       3.412297304094e-02       1.727480770392e+04 
       3.427942383732e-02       1.720183793617e+04 
       3.443656846966e-02       1.712879486737e+04 
       3.459442690092e-02       1.705590805734e+04 
       3.475301981909e-02       1.698292303616e+04 
       3.491236867106e-02       1.691002890332e+04 
       3.507249569853e-02       1.683716457734e+04 
       3.523342397596e-02       1.676432639221e+04 
       3.539517745096e-02       1.669151095245e+04 
       3.555778098697e-02       1.661876386533e+04 
       3.572126040870e-02       1.654599658880e+04 
       3.588564255033e-02       1.647334821217e+04 
       3.605095530677e-02       1.640070002434e+04 
       3.621722768820e-02       1.632800803187e+04 
       3.638448987814e-02       1.625549839529e+04 
       3.655277329532e-02       1.618299847074e+04 
       3.672211065968e-02       1.611050171237e+04 
       3.689253606272e-02       1.603806941431e+04 
       3.706408504279e-02       1.596564595050e+04 
       3.723679466543e-02       1.589326913070e+04 
       3.741070360939e-02       1.582095931903e+04 
       3.758585225881e-02       1.574864815470e+04 
       3.776228280191e-02       1.567641439230e+04 
       3.794003933692e-02       1.560418465636e+04 
       3.811916798591e-02       1.553201722324e+04 
       3.829971701704e-02       1.545989156008e+04 
       3.848173697618e-02       1.538777517548e+04 
       3.866528082868e-02       1.531568899113e+04 
       3.885040411222e-02       1.524366399298e+04 
       3.903716510188e-02       1.517161460364e+04 
       3.922562498845e-02       1.509958323303e+04 
       3.941584807144e-02       1.502759038009e+04 
       3.960790196813e-02       1.495561731938e+04 
       3.980185784032e-02       1.488364840952e+04 
       3.999779064064e-02       1.481166324234e+04 
       4.019577938028e-02       1.473967069074e+04 
       4.039590742065e-02       1.466768938061e+04 
       4.059826279134e-02       1.459569934470e+04 
       4.080293853734e-02       1.452370789649e+04 
       4.101003309880e-02       1.445168894676e+04 
       4.121965072688e-02       1.437961834924e+04 
       4.143190194010e-02       1.430753882926e+04 
       4.164690402554e-02       1.423536828199e+04 
       4.186478159074e-02       1.416316835430e+04 
       4.208566717197e-02       1.409090256130e+04 
       4.230970190626e-02       1.401857074696e+04 
       4.253703627498e-02       1.394611410801e+04 
       4.276783092829e-02       1.387360152688e+04 
       4.300225760108e-02       1.380095320825e+04 
       4.324050013270e-02       1.372821793199e+04 
       4.348275560449e-02       1.365534496723e+04 
       4.372923561189e-02       1.358231045174e+04 
       4.398016768997e-02       1.350910808888e+04 
       4.423579691502e-02       1.343573679890e+04 
       4.449638770830e-02       1.336214201184e+04 
       4.476222587267e-02       1.328837426347e+04 
       4.503362089864e-02       1.321434876161e+04 
       4.531090858247e-02       1.314008438213e+04 
       4.559445400749e-02       1.306549732597e+04 
       4.588465494919e-02       1.299062917734e+04 
       4.618194577674e-02       1.291537112869e+04 
       4.648680193790e-02       1.283977463071e+04 
       4.679974513228e-02       1.276379112452e+04 
       4.712134929994e-02       1.268733815351e+04 
       4.745224757939e-02       1.261039447180e+04 
       4.779314042322e-02       1.253293352214e+04 
       4.814480510188e-02       1.245490570325e+04 
       4.850810687906e-02       1.237627138217e+04 
       4.888401220956e-02       1.229690406305e+04 
       4.927360439458e-02       1.221677088496e+04 
       4.967810223699e-02       1.213582548160e+04 
       5.009888237557e-02       1.205393811260e+04 
       5.053750615065e-02       1.197104008844e+04 
       5.099575207570e-02       1.188696432762e+04 
       5.147565527096e-02       1.180165462502e+04 
       5.197955557366e-02       1.171490177209e+04 
       5.251015648909e-02       1.162650647293e+04 
       5.307059770499e-02       1.153637513658e+04 
       5.366454456501e-02       1.144406016238e+04 
       5.429629867072e-02       1.134940697236e+04 
       5.497093458877e-02       1.125193414955e+04 
       5.569446830028e-02       1.115113123365e+04 
       5.647406313026e-02       1.104644835267e+04 
       5.731827757021e-02       1.093706336537e+04 
       5.823735493026e-02       1.082191712076e+04 
       5.924354387385e-02       1.069964245171e+04 
       6.035141585116e-02       1.056839813140e+04 
       6.157810116508e-02       1.042591498585e+04 
       6.294328841978e-02       1.026875289897e+04 
       6.446871656411e-02       1.009267040448e+04 
       6.617675998983e-02       9.892270032757e+03 
       6.808767484748e-02       9.660938411689e+03 
       7.021538264249e-02       9.391743165026e+03 
       7.256258142357e-02       9.078664072576e+03 
       7.511727770772e-02       8.718976892097e+03 
       7.785326675408e-02       8.315400593258e+03 
       8.073526747626e-02       7.877213529611e+03 
       8.372632183474e-02       7.419221373774e+03 
       8.679385364743e-02       6.959267320131e+03 
       8.991250031838e-02       6.515098206013e+03 
       9.306416459934e-02       6.101873276373e+03 
       9.623667366978e-02       5.730583887986e+03 
       9.942214989019e-02       5.407495537174e+03 
       1.026156191632e-01       5.134311715269e+03 
       1.058139886698e-01       4.908767829607e+03 
       1.090153534569e-01       4.725425835985e+03 
       1.122185469207e-01       4.576655365957e+03 
       1.154228570447e-01       4.453480862245e+03 
       1.186278500834e-01       4.346422544212e+03 
       1.218332620440e-01       4.246376004309e+03 
       1.250389322759e-01       4.145363590536e+03 
       1.282447629688e-01       4.037225479927e+03 
       1.314506945029e-01       3.918051582245e+03 
       1.346566904647e-01       3.786380519897e+03 
       1.378627285441e-01       3.643049829397e+03 
       1.410687950077e-01       3.490836894863e+03 
       1.442748813416e-01       3.333832326906e+03 
       1.474809822143e-01       3.176789499409e+03 
       1.506870942376e-01       3.024458602908e+03 
       1.538932152154e-01       2.881057322996e+03 
       1.570993436851e-01       2.749882715379e+03 
       1.603054786395e-01       2.633066672025e+03 
       1.635116193566e-01       2.531525818255e+03 
       1.667177652959e-01       2.445005995131e+03 
       1.699239160342e-01       2.372252049917e+03 
       1.731300712266e-01       2.311199622556e+03 
       1.763362305818e-01       2.259264121153e+03 
       1.795423938467e-01       2.213570712438e+03 
       1.827485607966e-01       2.171422778122e+03 
       1.859547312290e-01       2.130455030429e+03 
       1.891609049589e-01       2.087847810394e+03 
       1.923670818162e-01       2.042005559845e+03 
       1.955732616437e-01       1.992070724169e+03 
       1.987794442949e-01       1.937942009622e+03 
       2.019856296336e-01       1.880164323672e+03 
       2.051918175321e-01       1.819813531994e+03 
       2.083980078713e-01       1.758265068302e+03 
       2.116042005390e-01       1.697020964935e+03 
       2.148103954301e-01       1.637550983692e+03 
       2.180165924458e-01       1.581118608555e+03 
       2.212227914930e-01       1.528703295115e+03 
       2.244289924839e-01       1.480936148946e+03 
       2.276351953359e-01       1.438090247769e+03 
       2.308413999708e-01       1.400087180377e+03 
       2.340476063149e-01       1.366560847877e+03 
       2.372538142985e-01       1.336898004857e+03 
       2.404600238554e-01       1.310312869768e+03 
       2.436662349232e-01       1.285933004329e+03 
       2.468724474427e-01       1.262868053461e+03 
       2.500786613576e-01       1.240291526495e+03 
       2.532848766146e-01       1.217505239138e+03 
       2.564910931631e-01       1.193985445022e+03 
       2.596973109550e-01       1.169421891285e+03 
       2.629035299445e-01       1.143715120267e+03 
       2.661097500880e-01       1.116975016713e+03 
       2.693159713440e-01       1.089474617976e+03 
       2.725221936732e-01       1.061612036577e+03 
       2.757284170378e-01       1.033851107445e+03 
       2.789346414019e-01       1.006659060280e+03 
       2.821408667313e-01       9.804671123816e+02 
       2.853470929933e-01       9.556238254002e+02 
       2.885533201565e-01       9.323682681101e+02 
       2.917595481911e-01       9.108236032083e+02 
       2.949657770685e-01       8.909937714747e+02 
       2.981720067615e-01       8.727789225066e+02 
       3.013782372438e-01       8.559877931343e+02 
       3.045844684904e-01       8.403839435004e+02 
       3.077907004772e-01       8.256769942157e+02 
       3.109969331813e-01       8.115841745947e+02 
       3.142031665806e-01       7.978351597255e+02 
       3.174094006539e-01       7.842097499626e+02 
       3.206156353810e-01       7.705249958957e+02 
       3.238218707421e-01       7.566715092787e+02 
       3.270281067188e-01       7.426045584389e+02 
       3.302343432928e-01       7.283368590138e+02 
       3.334405804470e-01       7.139335477827e+02 
       3.366468181647e-01       6.994979806178e+02 
       3.398530564297e-01       6.851607792165e+02 
       3.430592952268e-01       6.710622109470e+02 
       3.462655345411e-01       6.573288188536e+02 
       3.494717743582e-01       6.440739340108e+02 
       3.526780146644e-01       6.313841959999e+02 
       3.558842554464e-01       6.193097237590e+02 
       3.590904966915e-01       6.078663289571e+02 
       3.622967383872e-01       5.970323486456e+02 
       3.655029805217e-01       5.867664209768e+02 
       3.687092230834e-01       5.769896517399e+02 
       3.719154660613e-01       5.676225073840e+02 
       3.751217094446e-01       5.585741896014e+02 
       3.783279532230e-01       5.497564289205e+02 
       3.815341973866e-01       5.410930924332e+02 
       3.847404419255e-01       5.325225806345e+02 
       3.879466868305e-01       5.240031060326e+02 
       3.911529320926e-01       5.155130152268e+02 
       3.943591777029e-01       5.070473256899e+02 
       3.975654236531e-01       4.986178070357e+02 
       4.007716699349e-01       4.902477657138e+02 
       4.039779165405e-01       4.819716265332e+02 
       4.071841634621e-01       4.738240686904e+02 
       4.103904106922e-01       4.658420461182e+02 
       4.135966582238e-01       4.580523052048e+02 
       4.168029060498e-01       4.504832147299e+02 
       4.200091541635e-01       4.431493735168e+02 
       4.232154025582e-01       4.360588857641e+02 
       4.264216512277e-01       4.292118162291e+02 
       4.296279001657e-01       4.226001958469e+02 
       4.328341493663e-01       4.162076251748e+02 
       4.360403988236e-01       4.100137070652e+02 
       4.392466485321e-01       4.039996391919e+02 
       4.424528984861e-01       3.981361123607e+02 
       4.456591486805e-01       3.924025517007e+02 
       4.488653991100e-01       3.867752075243e+02 
       4.520716497696e-01       3.812352418290e+02 
       4.552779006544e-01       3.757685861510e+02 
       4.584841517598e-01       3.703653915669e+02 
       4.616904030810e-01       3.650214119436e+02 
       4.648966546137e-01       3.597344926247e+02 
       4.681029063533e-01       3.545118735546e+02 
       4.713091582958e-01       3.493607358129e+02 
       4.745154104370e-01       3.442903830859e+02 
       4.777216627728e-01       3.393114981729e+02 
       4.809279152994e-01       3.344351371640e+02 
       4.841341680130e-01       3.296684765443e+02 
       4.873404209098e-01       3.250181943921e+02 
       4.905466739863e-01       3.204870799611e+02 
       4.937529272389e-01       3.160745684232e+02 
       4.969591806642e-01       3.117768755567e+02 
       5.001654342589e-01       3.075868052387e+02 
       5.033716880197e-01       3.034980798421e+02 
       5.065779419436e-01       2.994981209073e+02 
       5.097841960273e-01       2.955790424770e+02 
       5.129904502679e-01       2.917311229067e+02 
       5.161967046624e-01       2.879455347474e+02 
       5.194029592081e-01       2.842167018902e+02 
       5.226092139020e-01       2.805405992155e+02 
       5.258154687415e-01       2.769140318196e+02 
       5.290217237240e-01       2.733373723131e+02 
       5.322279788468e-01       2.698107115080e+02 
       5.354342341074e-01       2.663369788092e+02 
       5.386404895033e-01       2.629181887809e+02 
       5.418467450322e-01       2.595561268811e+02 
       5.450530006916e-01       2.562544450339e+02 
       5.482592564793e-01       2.530136906296e+02 
       5.514655123931e-01       2.498355243311e+02 
       5.546717684307e-01       2.467194546275e+02 
       5.578780245900e-01       2.436654005521e+02 
       5.610842808689e-01       2.406714264374e+02 
       5.642905372654e-01       2.377355362816e+02 
       5.674967937774e-01       2.348559141225e+02 
       5.707030504030e-01       2.320296785218e+02 
       5.739093071404e-01       2.292541201039e+02 
       5.771155639876e-01       2.265250627160e+02 
       5.803218209428e-01       2.238430087886e+02 
       5.835280780042e-01       2.212031923476e+02 
       5.867343351701e-01       2.186042980362e+02 
       5.899405924388e-01       2.160437140988e+02 
       5.931468498086e-01       2.135216605594e+02 
       5.963531072778e-01       2.110374313288e+02 
       5.995593648449e-01       2.085887469371e+02 
       6.027656225083e-01       2.061750632065e+02 
       6.059718802665e-01       2.037987501556e+02 
       6.091781381180e-01       2.014592903127e+02 
       6.123843960612e-01       1.991574808218e+02 
       6.155906540948e-01       1.968919046140e+02 
       6.187969122173e-01       1.946635970559e+02 
       6.220031704275e-01       1.924726264019e+02 
       6.252094287238e-01       1.903181871193e+02 
       6.284156871051e-01       1.881997743400e+02 
       6.316219455699e-01       1.861169582901e+02 
       6.348282041171e-01       1.840681453056e+02 
       6.380344627454e-01       1.820519563964e+02 
       6.412407214535e-01       1.800677043517e+02 
       6.444469802403e-01       1.781139148617e+02 
       6.476532391046e-01       1.761895245542e+02 
       6.508594980453e-01       1.742936167914e+02 
       6.540657570612e-01       1.724250601595e+02 
       6.572720161512e-01       1.705833387068e+02 
       6.604782753143e-01       1.687678688676e+02 
       6.636845345493e-01       1.669781107560e+02 
       6.668907938553e-01       1.652138120266e+02 
       6.700970532312e-01       1.634748033686e+02 
       6.733033126760e-01       1.617606881071e+02 
       6.765095721888e-01       1.600712701528e+02 
       6.797158317686e-01       1.584062841417e+02 
       6.829220914143e-01       1.567656307050e+02 
       6.861283511252e-01       1.551490944724e+02 
       6.893346109002e-01       1.535563551846e+02 
       6.925408707386e-01       1.519867950952e+02 
       6.957471306394e-01       1.504403757725e+02 
       6.989533906017e-01       1.489164628962e+02 
       7.021596506247e-01       1.474147017747e+02 
       7.053659107076e-01       1.459344880250e+02 
       7.085721708496e-01       1.444751312439e+02 
       7.117784310499e-01       1.430363849905e+02 
       7.149846913076e-01       1.416175499130e+02 
       7.181909516221e-01       1.402181581654e+02 
       7.213972119925e-01       1.388378404550e+02 
       7.246034724181e-01       1.374760458344e+02 
       7.278097328982e-01       1.361328547705e+02 
       7.310159934321e-01       1.348072875362e+02 
       7.342222540190e-01       1.334995203078e+02 
       7.374285146582e-01       1.322091819010e+02 
       7.406347753492e-01       1.309359161697e+02 
       7.438410360911e-01       1.296797628601e+02 
       7.470472968834e-01       1.284404508419e+02 
       7.502535577254e-01       1.272173681275e+02 
       7.534598186165e-01       1.260109283947e+02 
       8.235950163117e-01       1.031883947798e+02 
       9.252559898069e-01       7.923334366465e+01 
       1.087052339298e+00       5.469086992712e+01 
