# Matter power spectrum P(k) at redshift z=0
# for k=1.04206e-05 to 1.08688 h/Mpc,
# number of wavenumbers equal to 603
#    1:k (h/Mpc)              2:P (Mpc/h)^3        
       1.042057218184e-05       4.874775063334e+01 
       2.326967393807e-05       1.055339249650e+02 
       3.616372998651e-05       1.602138051351e+02 
       4.913726111320e-05       2.156163596010e+02 
       6.222535620176e-05       2.716007644024e+02 
       7.546398357170e-05       3.270393288983e+02 
       8.889031222383e-05       3.834792225315e+02 
       1.025430472460e-04       4.400461574769e+02 
       1.164627836651e-04       4.975429179797e+02 
       1.306923830647e-04       5.561457592211e+02 
       1.452773772941e-04       6.159269696297e+02 
       1.602664035398e-04       6.771399413423e+02 
       1.757116748555e-04       7.399600732987e+02 
       1.916694898929e-04       8.046529630688e+02 
       2.082007849348e-04       8.714554652141e+02 
       2.253717302915e-04       9.406050132286e+02 
       2.432543715042e-04       1.012398180446e+03 
       2.619273134031e-04       1.087133120524e+03 
       2.814764416205e-04       1.165137393182e+03 
       3.019956713488e-04       1.246727337580e+03 
       3.235877065792e-04       1.332311166293e+03 
       3.463647843785e-04       1.422282250537e+03 
       3.704493675765e-04       1.517094097261e+03 
       3.959747352927e-04       1.617230871545e+03 
       4.230854040324e-04       1.723198321080e+03 
       4.519372931199e-04       1.835543707859e+03 
       4.826975282776e-04       1.954840077057e+03 
       5.155437586343e-04       2.081695969585e+03 
       5.506628492774e-04       2.216734637995e+03 
       5.882488092754e-04       2.360587038205e+03 
       6.284998310591e-04       2.513880230761e+03 
       6.716143589179e-04       2.677222512093e+03 
       7.177861786211e-04       2.851174975837e+03 
       7.671986289583e-04       3.036241231766e+03 
       8.200181734658e-04       3.232828974715e+03 
       8.763877198471e-04       3.441223860713e+03 
       9.364202071887e-04       3.661589801821e+03 
       1.000193061254e-03       3.893928467856e+03 
       1.067744112361e-03       4.138064423450e+03 
       1.139069460073e-03       4.393672349133e+03 
       1.214123561532e-03       4.660236445025e+03 
       1.292821551718e-03       4.937122307359e+03 
       1.375043530546e-03       5.223538492490e+03 
       1.460640331997e-03       5.518595826008e+03 
       1.549440166463e-03       5.821391017693e+03 
       1.641255512519e-03       6.130951908283e+03 
       1.735889713222e-03       6.446302976502e+03 
       1.833142870763e-03       6.766456077130e+03 
       1.932816793016e-03       7.090491229847e+03 
       2.034718893978e-03       7.417504782138e+03 
       2.138665067384e-03       7.746690194975e+03 
       2.244481631810e-03       8.077258672193e+03 
       2.352006488520e-03       8.408535643600e+03 
       2.461089647644e-03       8.739864558956e+03 
       2.571593272915e-03       9.070676706868e+03 
       2.683391378416e-03       9.400468178463e+03 
       2.796369288793e-03       9.728768165774e+03 
       2.910422951687e-03       1.005519817427e+04 
       3.025458170066e-03       1.037940112145e+04 
       3.141389804104e-03       1.070104345693e+04 
       3.258140977504e-03       1.101987871152e+04 
       3.375642311646e-03       1.133565807157e+04 
       3.493831202212e-03       1.164819854056e+04 
       3.612651146539e-03       1.195728900253e+04 
       3.732051125417e-03       1.226279391243e+04 
       3.851985039904e-03       1.256460273919e+04 
       3.972411201680e-03       1.286257749556e+04 
       4.093291874174e-03       1.315662969695e+04 
       4.214592860964e-03       1.344668553831e+04 
       4.336283137613e-03       1.373270010352e+04 
       4.458334523013e-03       1.401463317740e+04 
       4.580721386389e-03       1.429240537413e+04 
       4.703420386331e-03       1.456600140787e+04 
       4.826410238441e-03       1.483535965657e+04 
       4.949671508489e-03       1.510050345009e+04 
       5.073186428229e-03       1.536147154220e+04 
       5.196938731347e-03       1.561824824545e+04 
       5.320913507240e-03       1.587078419472e+04 
       5.445097070594e-03       1.611910903303e+04 
       5.569476844962e-03       1.636328821458e+04 
       5.694041258737e-03       1.660325266558e+04 
       5.818779652102e-03       1.683905018818e+04 
       5.943682193707e-03       1.707076483457e+04 
       6.068739805983e-03       1.729833790670e+04 
       6.193944098106e-03       1.752183228201e+04 
       6.319287305762e-03       1.774127691809e+04 
       6.444762236955e-03       1.795662711539e+04 
       6.570362223198e-03       1.816805130694e+04 
       6.696081075485e-03       1.837542755180e+04 
       6.821913044549e-03       1.857891138596e+04 
       6.947852784918e-03       1.877851170692e+04 
       7.073895322385e-03       1.897425035884e+04 
       7.200036024534e-03       1.916608968131e+04 
       7.326270573985e-03       1.935415872099e+04 
       7.452594944097e-03       1.953749220781e+04 
       7.579005376868e-03       1.971805535275e+04 
       7.705498362816e-03       1.989493736242e+04 
       7.832070622637e-03       2.006815007387e+04 
       7.958719090464e-03       2.023772313639e+04 
       8.085440898586e-03       2.040374564805e+04 
       8.212233363457e-03       2.056625451397e+04 
       8.339093972903e-03       2.072529614709e+04 
       8.466020374394e-03       2.088082030312e+04 
       8.593010364282e-03       2.103291987496e+04 
       8.720061877926e-03       2.118161358370e+04 
       8.847172980618e-03       2.132701777592e+04 
       8.974341859231e-03       2.146904642358e+04 
       9.101566814533e-03       2.160781969025e+04 
       9.228846254109e-03       2.174331825118e+04 
       9.356178685827e-03       2.187557665972e+04 
       9.483562711812e-03       2.200464903316e+04 
       9.610997022880e-03       2.213063616135e+04 
       9.738480393394e-03       2.225349879435e+04 
       9.866011676506e-03       2.237326741290e+04 
       9.993589799750e-03       2.249007653674e+04 
       1.012121376097e-02       2.260392685419e+04 
       1.024888262453e-02       2.271476425622e+04 
       1.037659551782e-02       2.282259727051e+04 
       1.050435162801e-02       2.292751873490e+04 
       1.063215019900e-02       2.302967951368e+04 
       1.075999052867e-02       2.312896911982e+04 
       1.088787196624e-02       2.322544382510e+04 
       1.101579390985e-02       2.331913854128e+04 
       1.114375580435e-02       2.341007517000e+04 
       1.127175713914e-02       2.349856995841e+04 
       1.139979744632e-02       2.358411372295e+04 
       1.152787629880e-02       2.366703329366e+04 
       1.165599330866e-02       2.374729967183e+04 
       1.178414812557e-02       2.382500467321e+04 
       1.191234043534e-02       2.390013987970e+04 
       1.204056995857e-02       2.397272865574e+04 
       1.216883644938e-02       2.404281965917e+04 
       1.229713969425e-02       2.411046068788e+04 
       1.242547951093e-02       2.417563859111e+04 
       1.255385574742e-02       2.423841383388e+04 
       1.268226828106e-02       2.429881478773e+04 
       1.281071701761e-02       2.435694955223e+04 
       1.293920189050e-02       2.441272862091e+04 
       1.306772286005e-02       2.446625713098e+04 
       1.319627991279e-02       2.451743466482e+04 
       1.332487306081e-02       2.456398908338e+04 
       1.345350234121e-02       2.461065661391e+04 
       1.358216781551e-02       2.465514499923e+04 
       1.371086956919e-02       2.469744231285e+04 
       1.383960771124e-02       2.473711953946e+04 
       1.396838237370e-02       2.477516714278e+04 
       1.409719371134e-02       2.481113315000e+04 
       1.422604190131e-02       2.484630626023e+04 
       1.435492714280e-02       2.488004060151e+04 
       1.448384965681e-02       2.490885421665e+04 
       1.461280968587e-02       2.493690825867e+04 
       1.474180749387e-02       2.496286648431e+04 
       1.487084336583e-02       2.498648822849e+04 
       1.499991760780e-02       2.500806147263e+04 
       1.512903054666e-02       2.502923822867e+04 
       1.525818253008e-02       2.504743710934e+04 
       1.538737392640e-02       2.506487778680e+04 
       1.551660512459e-02       2.507694043566e+04 
       1.564587653420e-02       2.508938506452e+04 
       1.577518858537e-02       2.510048871774e+04 
       1.590454172880e-02       2.510980681829e+04 
       1.603393643583e-02       2.511729455007e+04 
       1.616337319843e-02       2.512313928130e+04 
       1.629285252931e-02       2.512765626688e+04 
       1.642237496201e-02       2.513032397927e+04 
       1.655194105097e-02       2.513420550788e+04 
       1.668155137167e-02       2.513364522753e+04 
       1.681120652078e-02       2.513144916229e+04 
       1.694090711632e-02       2.512774029590e+04 
       1.707065379782e-02       2.512250346937e+04 
       1.720044722654e-02       2.511645394844e+04 
       1.733028808563e-02       2.510807671535e+04 
       1.746017708043e-02       2.509841487304e+04 
       1.759011493867e-02       2.508718310018e+04 
       1.772010241070e-02       2.507461293525e+04 
       1.785014026986e-02       2.506056293121e+04 
       1.798022931267e-02       2.504515810367e+04 
       1.811037035923e-02       2.502838837961e+04 
       1.824056425349e-02       2.501021891489e+04 
       1.837081186360e-02       2.499080148504e+04 
       1.850111408231e-02       2.497005562139e+04 
       1.863147182730e-02       2.494795992792e+04 
       1.876188604159e-02       2.492411866097e+04 
       1.889235769399e-02       2.489941716824e+04 
       1.902288777947e-02       2.487348566211e+04 
       1.915347731963e-02       2.484624397289e+04 
       1.928412736318e-02       2.481774920734e+04 
       1.941483898641e-02       2.478719773346e+04 
       1.954561329368e-02       2.475687537539e+04 
       1.967645141796e-02       2.472515354212e+04 
       1.980735452136e-02       2.469232461614e+04 
       1.993832379568e-02       2.465989667349e+04 
       2.006936046299e-02       2.462492298692e+04 
       2.020046577623e-02       2.458890402076e+04 
       2.033164101982e-02       2.455123946194e+04 
       2.046288751033e-02       2.451384724747e+04 
       2.059420659708e-02       2.447496271064e+04 
       2.072559966287e-02       2.443509113727e+04 
       2.085706812467e-02       2.439176337411e+04 
       2.098861343435e-02       2.435118838048e+04 
       2.112023707940e-02       2.430823656387e+04 
       2.125194058375e-02       2.426432234719e+04 
       2.138372550854e-02       2.421949782553e+04 
       2.151559345294e-02       2.417279663100e+04 
       2.164754605502e-02       2.412612722325e+04 
       2.177958499261e-02       2.408003276103e+04 
       2.191171198422e-02       2.403082471330e+04 
       2.204392878994e-02       2.398186825207e+04 
       2.217623721245e-02       2.393125963627e+04 
       2.230863909798e-02       2.388075338306e+04 
       2.244113633731e-02       2.382927441001e+04 
       2.257373086690e-02       2.377719477959e+04 
       2.270642466990e-02       2.372424635742e+04 
       2.283921977730e-02       2.367054145504e+04 
       2.297211826912e-02       2.361612486348e+04 
       2.310512227554e-02       2.356095543998e+04 
       2.323823397818e-02       2.350509654312e+04 
       2.337145561136e-02       2.344856850630e+04 
       2.350478946339e-02       2.339279797431e+04 
       2.363823787795e-02       2.333475529114e+04 
       2.377180325545e-02       2.327605895335e+04 
       2.390548805450e-02       2.321672948703e+04 
       2.403929479338e-02       2.315692290808e+04 
       2.417322605158e-02       2.309657905890e+04 
       2.430728447135e-02       2.303565549301e+04 
       2.444147275939e-02       2.297422392354e+04 
       2.457579368849e-02       2.291225520701e+04 
       2.471025009927e-02       2.284976026344e+04 
       2.484484490201e-02       2.278677568541e+04 
       2.497958107847e-02       2.272328728487e+04 
       2.511446168386e-02       2.265953166218e+04 
       2.524948984873e-02       2.259526195458e+04 
       2.538466878113e-02       2.252985270780e+04 
       2.552000176864e-02       2.246444830633e+04 
       2.565549218060e-02       2.239859337590e+04 
       2.579114347036e-02       2.233231705975e+04 
       2.592695917763e-02       2.226563376820e+04 
       2.606294293087e-02       2.219853844550e+04 
       2.619909844984e-02       2.213104462905e+04 
       2.633542954816e-02       2.206315979690e+04 
       2.647194013599e-02       2.199487862400e+04 
       2.660863422283e-02       2.192624191678e+04 
       2.674551592036e-02       2.185681215506e+04 
       2.688258944545e-02       2.178705612025e+04 
       2.701985912322e-02       2.171766800819e+04 
       2.715732939026e-02       2.164718780458e+04 
       2.729500479791e-02       2.157675026470e+04 
       2.743289001572e-02       2.150533604140e+04 
       2.757098983499e-02       2.143447398461e+04 
       2.770930917247e-02       2.136417610195e+04 
       2.784785307421e-02       2.129275987723e+04 
       2.798662671950e-02       2.122137298876e+04 
       2.812563542501e-02       2.114943611284e+04 
       2.826488464907e-02       2.107725762905e+04 
       2.840437999615e-02       2.100423860531e+04 
       2.854412722143e-02       2.093199507105e+04 
       2.868413223563e-02       2.085980701036e+04 
       2.882440111001e-02       2.078691200443e+04 
       2.896494008153e-02       2.071318638693e+04 
       2.910575555829e-02       2.063918220109e+04 
       2.924685412510e-02       2.056558201540e+04 
       2.938824254937e-02       2.049178053299e+04 
       2.952992778717e-02       2.041780269282e+04 
       2.967191698954e-02       2.034337622694e+04 
       2.981421750917e-02       2.026902757407e+04 
       2.995683690719e-02       2.019525256774e+04 
       3.009978296041e-02       2.012016656824e+04 
       3.024306366874e-02       2.004611854754e+04 
       3.038668726305e-02       1.997067709714e+04 
       3.053066221326e-02       1.989585573831e+04 
       3.067499723687e-02       1.982103329627e+04 
       3.081970130782e-02       1.974624863139e+04 
       3.096478366575e-02       1.967114561286e+04 
       3.111025382574e-02       1.959591712314e+04 
       3.125612158837e-02       1.952059892291e+04 
       3.140239705036e-02       1.944520440168e+04 
       3.154909061568e-02       1.936968939260e+04 
       3.169621300709e-02       1.929416645628e+04 
       3.184377527834e-02       1.921844621596e+04 
       3.199178882691e-02       1.914331408254e+04 
       3.214026540734e-02       1.906685009962e+04 
       3.228921714521e-02       1.899158131286e+04 
       3.243865655189e-02       1.891571010342e+04 
       3.258859653986e-02       1.883985448905e+04 
       3.273905043897e-02       1.876397852723e+04 
       3.289003201341e-02       1.868810741700e+04 
       3.304155547957e-02       1.861222821713e+04 
       3.319363552486e-02       1.853587084390e+04 
       3.334628732747e-02       1.846003095620e+04 
       3.349952657718e-02       1.838401912117e+04 
       3.365336949727e-02       1.830865958056e+04 
       3.380783286766e-02       1.823277549498e+04 
       3.396293404924e-02       1.815688138798e+04 
       3.411869100955e-02       1.808099330521e+04 
       3.427512234995e-02       1.800515488668e+04 
       3.443224733424e-02       1.792932578904e+04 
       3.459008591893e-02       1.785350622430e+04 
       3.474865878527e-02       1.777742799075e+04 
       3.490798737312e-02       1.770163025609e+04 
       3.506809391682e-02       1.762583413914e+04 
       3.522900148316e-02       1.755009446867e+04 
       3.539073401172e-02       1.747428418275e+04 
       3.555331635755e-02       1.739843569833e+04 
       3.571677433657e-02       1.732279922309e+04 
       3.588113477374e-02       1.724724176075e+04 
       3.604642555434e-02       1.717169341730e+04 
       3.621267567844e-02       1.709579419658e+04 
       3.637991531895e-02       1.702029009587e+04 
       3.654817588347e-02       1.694485840289e+04 
       3.671749008023e-02       1.686941409033e+04 
       3.688789198845e-02       1.679432430007e+04 
       3.705941713354e-02       1.671832249644e+04 
       3.723210256743e-02       1.664418734194e+04 
       3.740598695455e-02       1.656858724106e+04 
       3.758111066392e-02       1.649322837227e+04 
       3.775751586782e-02       1.641763041375e+04 
       3.793524664767e-02       1.634247280570e+04 
       3.811434910777e-02       1.626715354362e+04 
       3.829487149749e-02       1.619199206885e+04 
       3.847686434281e-02       1.611684459615e+04 
       3.866038058803e-02       1.604243813858e+04 
       3.884547574853e-02       1.596753722444e+04 
       3.903220807568e-02       1.589175116365e+04 
       3.922063873514e-02       1.581700559246e+04 
       3.941083199968e-02       1.574206298684e+04 
       3.960285545815e-02       1.566718276637e+04 
       3.979678024207e-02       1.559243335467e+04 
       3.999268127174e-02       1.551749373004e+04 
       4.019063752389e-02       1.544255087219e+04 
       4.039073232308e-02       1.536759145934e+04 
       4.059305365949e-02       1.529254522522e+04 
       4.079769453589e-02       1.521744543232e+04 
       4.100475334713e-02       1.514234952848e+04 
       4.121433429578e-02       1.506714219012e+04 
       4.142654784803e-02       1.499195125321e+04 
       4.164151123470e-02       1.491675726401e+04 
       4.185934900260e-02       1.484146317331e+04 
       4.208019362245e-02       1.476610784985e+04 
       4.230418616037e-02       1.469067617096e+04 
       4.253147702093e-02       1.461528347268e+04 
       4.276222677093e-02       1.453969512365e+04 
       4.299660705470e-02       1.446398125588e+04 
       4.323480161294e-02       1.438808556993e+04 
       4.347700741940e-02       1.431252324724e+04 
       4.372343595191e-02       1.423639243058e+04 
       4.397431461676e-02       1.415961456944e+04 
       4.422988834891e-02       1.408307667592e+04 
       4.449042141415e-02       1.400643904146e+04 
       4.475619944402e-02       1.392953098075e+04 
       4.502753173967e-02       1.385229791307e+04 
       4.530475388766e-02       1.377478144474e+04 
       4.558823073842e-02       1.369671874806e+04 
       4.587835980816e-02       1.361886484402e+04 
       4.617557517649e-02       1.354013691979e+04 
       4.648035196687e-02       1.346079135889e+04 
       4.679321151466e-02       1.338221393827e+04 
       4.711472734940e-02       1.330250764014e+04 
       4.744553214539e-02       1.322226226740e+04 
       4.778632582849e-02       1.314146232890e+04 
       4.813788506918e-02       1.305978753728e+04 
       4.850107444523e-02       1.297795460962e+04 
       4.887685962402e-02       1.289531915403e+04 
       4.926632299900e-02       1.281105149569e+04 
       4.967068232202e-02       1.272656445817e+04 
       5.009131300929e-02       1.264170658464e+04 
       5.052977497238e-02       1.255523495423e+04 
       5.098784504679e-02       1.246757050759e+04 
       5.146755637221e-02       1.237777980869e+04 
       5.197124643627e-02       1.228818941986e+04 
       5.250161594253e-02       1.219552687347e+04 
       5.306180122111e-02       1.210104017148e+04 
       5.365546357261e-02       1.200497547339e+04 
       5.428689970929e-02       1.190633177168e+04 
       5.496117826466e-02       1.180461633898e+04 
       5.568430800484e-02       1.169949187727e+04 
       5.646344348173e-02       1.159028234430e+04 
       5.730713255660e-02       1.147611782082e+04 
       5.822560577491e-02       1.135610768732e+04 
       5.923109674703e-02       1.122833030088e+04 
       6.033815975752e-02       1.109131560858e+04 
       6.156390671962e-02       1.094231577357e+04 
       6.292800885714e-02       1.077826572889e+04 
       6.445219319106e-02       1.059444563253e+04 
       6.615883502998e-02       1.038506473116e+04 
       6.806821412348e-02       1.014305379120e+04 
       7.019430683848e-02       9.861331384932e+03 
       7.253989677609e-02       9.534175422334e+03 
       7.509308932788e-02       9.157230061659e+03 
       7.782776119021e-02       8.734857447700e+03 
       8.070866962478e-02       8.275681081604e+03 
       8.369884861639e-02       7.795268870968e+03 
       8.676568449139e-02       7.312960599931e+03 
       8.988376852111e-02       6.846717430899e+03 
       9.303496220262e-02       6.412706202632e+03 
       9.620706124085e-02       6.023152201443e+03 
       9.939216607406e-02       5.683798607017e+03 
       1.025852881446e-01       5.396396009604e+03 
       1.057833254043e-01       5.159340930205e+03 
       1.089843671255e-01       4.966480242743e+03 
       1.121872431353e-01       4.810083000255e+03 
       1.153912392270e-01       4.680682710334e+03 
       1.185959203173e-01       4.568366393556e+03 
       1.218010215980e-01       4.463441654450e+03 
       1.250063819226e-01       4.357376194956e+03 
       1.282119031791e-01       4.244011007059e+03 
       1.314175255647e-01       4.118943469558e+03 
       1.346232125542e-01       3.980468946540e+03 
       1.378289417700e-01       3.829964717622e+03 
       1.410346994373e-01       3.670297392050e+03 
       1.442404770173e-01       3.505189820828e+03 
       1.474462691628e-01       3.340135275599e+03 
       1.506520724766e-01       3.180456938926e+03 
       1.538578847565e-01       3.029575067971e+03 
       1.570637045363e-01       2.891801510773e+03 
       1.602695308067e-01       2.768950398647e+03 
       1.634753628442e-01       2.662171802903e+03 
       1.666812001073e-01       2.571355076122e+03 
       1.698870421723e-01       2.494701459143e+03 
       1.730928886939e-01       2.430409484777e+03 
       1.762987393803e-01       2.375783958162e+03 
       1.795045939783e-01       2.327758155543e+03 
       1.827104522630e-01       2.283506316343e+03 
       1.859163140318e-01       2.240420858518e+03 
       1.891221790996e-01       2.195665946940e+03 
       1.923280472961e-01       2.147909040587e+03 
       1.955339184640e-01       2.095455829760e+03 
       1.987397924569e-01       2.038550582928e+03 
       2.019456691383e-01       1.977787293793e+03 
       2.051515483806e-01       1.913990349433e+03 
       2.083574300644e-01       1.849193156942e+03 
       2.115633140778e-01       1.784819366859e+03 
       2.147692003155e-01       1.722477836620e+03 
       2.179750886785e-01       1.663376449202e+03 
       2.211809790738e-01       1.608170470843e+03 
       2.243868714136e-01       1.557933844633e+03 
       2.275927656151e-01       1.512848958401e+03 
       2.307986616002e-01       1.472806812990e+03 
       2.340045592951e-01       1.437278461494e+03 
       2.372104586301e-01       1.406043882711e+03 
       2.404163595390e-01       1.378177420497e+03 
       2.436222619593e-01       1.352533043343e+03 
       2.468281658318e-01       1.328453938755e+03 
       2.500340711002e-01       1.304663430199e+03 
       2.532399777112e-01       1.280639324187e+03 
       2.564458856141e-01       1.255783889879e+03 
       2.596517947608e-01       1.230031817190e+03 
       2.628577051055e-01       1.203024910059e+03 
       2.660636166046e-01       1.174875713691e+03 
       2.692695292167e-01       1.146069467255e+03 
       2.724754429022e-01       1.116867862818e+03 
       2.756813576234e-01       1.087623422691e+03 
       2.788872733446e-01       1.058989377015e+03 
       2.820931900312e-01       1.031412139755e+03 
       2.852991076508e-01       1.005260649648e+03 
       2.885050261718e-01       9.807196022950e+02 
       2.917109455646e-01       9.582063959421e+02 
       2.949168658004e-01       9.373892630097e+02 
       2.981227868520e-01       9.182527023252e+02 
       3.013287086932e-01       9.005495010416e+02 
       3.045346312989e-01       8.840391268728e+02 
       3.077405546451e-01       8.686066325867e+02 
       3.109464787087e-01       8.537513586266e+02 
       3.141524034678e-01       8.392783205298e+02 
       3.173583289011e-01       8.249763375216e+02 
       3.205642549882e-01       8.106094864818e+02 
       3.237701817098e-01       7.960570909906e+02 
       3.269761090469e-01       7.812671839534e+02 
       3.301820369816e-01       7.662393632452e+02 
       3.333879654967e-01       7.510668668285e+02 
       3.365938945753e-01       7.358605938067e+02 
       3.397998242015e-01       7.208313211891e+02 
       3.430057543599e-01       7.059855222608e+02 
       3.462116850356e-01       6.915712587561e+02 
       3.494176162143e-01       6.776593906914e+02 
       3.526235478822e-01       6.642911092410e+02 
       3.558294800261e-01       6.515985218681e+02 
       3.590354126331e-01       6.395418176635e+02 
       3.622413456909e-01       6.281377551415e+02 
       3.654472791876e-01       6.173529959429e+02 
       3.686532131117e-01       6.070917208983e+02 
       3.718591474520e-01       5.972375947208e+02 
       3.750650821978e-01       5.877264046040e+02 
       3.782710173389e-01       5.784435814288e+02 
       3.814769528652e-01       5.692978884952e+02 
       3.846828887669e-01       5.602828012027e+02 
       3.878888250349e-01       5.513073970642e+02 
       3.910947616600e-01       5.423957152279e+02 
       3.943006986334e-01       5.335046246951e+02 
       3.975066359468e-01       5.246425337808e+02 
       4.007125735919e-01       5.158317122777e+02 
       4.039185115608e-01       5.071279549576e+02 
       4.071244498459e-01       4.985425263631e+02 
       4.103303884396e-01       4.901650019056e+02 
       4.135363273347e-01       4.819416016220e+02 
       4.167422665244e-01       4.739983854523e+02 
       4.199482060018e-01       4.662975793956e+02 
       4.231541457604e-01       4.588489479890e+02 
       4.263600857937e-01       4.516494291829e+02 
       4.295660260957e-01       4.446864680558e+02 
       4.327719666602e-01       4.379497439804e+02 
       4.359779074816e-01       4.314225873233e+02 
       4.391838485542e-01       4.251223443994e+02 
       4.423897898724e-01       4.189146563277e+02 
       4.455957314310e-01       4.129162706280e+02 
       4.488016732248e-01       4.069861144153e+02 
       4.520076152487e-01       4.011571627077e+02 
       4.552135574980e-01       3.954024754509e+02 
       4.584194999678e-01       3.897096739607e+02 
       4.616254426535e-01       3.840817488063e+02 
       4.648313855507e-01       3.785227973094e+02 
       4.680373286550e-01       3.730361463207e+02 
       4.712432719621e-01       3.676293160929e+02 
       4.744492154679e-01       3.623210367679e+02 
       4.776551591685e-01       3.570724145713e+02 
       4.808611030599e-01       3.519288430764e+02 
       4.840670471382e-01       3.469060223613e+02 
       4.872729913999e-01       3.420065018700e+02 
       4.904789358413e-01       3.372723259028e+02 
       4.936848804588e-01       3.326331208526e+02 
       4.968908252491e-01       3.281181906151e+02 
       5.000967702088e-01       3.236825766198e+02 
       5.033027153347e-01       3.193820493985e+02 
       5.065086606236e-01       3.151715111178e+02 
       5.097146060724e-01       3.110666533953e+02 
       5.129205516782e-01       3.069973969187e+02 
       5.161264974379e-01       3.030252965758e+02 
       5.193324433488e-01       2.990967894186e+02 
       5.225383894080e-01       2.952315569168e+02 
       5.257443356128e-01       2.914207424371e+02 
       5.289502819605e-01       2.876583306001e+02 
       5.321562284487e-01       2.839478645084e+02 
       5.353621750746e-01       2.802969147780e+02 
       5.385681218360e-01       2.766953355751e+02 
       5.417740687302e-01       2.731589755287e+02 
       5.449800157551e-01       2.696786400699e+02 
       5.481859629083e-01       2.662886402631e+02 
       5.513919101876e-01       2.629283891571e+02 
       5.545978575907e-01       2.596505707133e+02 
       5.578038051156e-01       2.564342680798e+02 
       5.610097527601e-01       2.532799998204e+02 
       5.642157005221e-01       2.501884061218e+02 
       5.674216483998e-01       2.471587079322e+02 
       5.706275963911e-01       2.441881296624e+02 
       5.738335444941e-01       2.412902381120e+02 
       5.770394927070e-01       2.384102574969e+02 
       5.802454410280e-01       2.355880932987e+02 
       5.834513894551e-01       2.328081829775e+02 
       5.866573379868e-01       2.300780025114e+02 
       5.898632866213e-01       2.273821485689e+02 
       5.930692353568e-01       2.247287885115e+02 
       5.962751841919e-01       2.221167310026e+02 
       5.994811331249e-01       2.195440451681e+02 
       6.026870821541e-01       2.170081375471e+02 
       6.058930312782e-01       2.145001233583e+02 
       6.090989804955e-01       2.120358887450e+02 
       6.123049298047e-01       2.096097465919e+02 
       6.155108792042e-01       2.072239490115e+02 
       6.187168286927e-01       2.048910159607e+02 
       6.219227782688e-01       2.025877457065e+02 
       6.251287279312e-01       2.003242821674e+02 
       6.283346776784e-01       1.980970756624e+02 
       6.315406275093e-01       1.959050121460e+02 
       6.347465774225e-01       1.937467987089e+02 
       6.379525274168e-01       1.916227642974e+02 
       6.411584774910e-01       1.895227874139e+02 
       6.443644276439e-01       1.874677426453e+02 
       6.475703778743e-01       1.854454110664e+02 
       6.507763281811e-01       1.834531164892e+02 
       6.539822785631e-01       1.814887385100e+02 
       6.571882290193e-01       1.795504387489e+02 
       6.603941795485e-01       1.776379817444e+02 
       6.636001301497e-01       1.757525108638e+02 
       6.668060808219e-01       1.738948543558e+02 
       6.700120315640e-01       1.720654674295e+02 
       6.732179823750e-01       1.702639991045e+02 
       6.764239332540e-01       1.684885694589e+02 
       6.796298842000e-01       1.667380394893e+02 
       6.828358352120e-01       1.650112322185e+02 
       6.860417862891e-01       1.633083102233e+02 
       6.892477374305e-01       1.616302488244e+02 
       6.924536886351e-01       1.599777114298e+02 
       6.956596399021e-01       1.583511601019e+02 
       6.988655912308e-01       1.567495684368e+02 
       7.020715426201e-01       1.551715095806e+02 
       7.052774940694e-01       1.536147754014e+02 
       7.084834455777e-01       1.520787056488e+02 
       7.116893971443e-01       1.505630723635e+02 
       7.148953487684e-01       1.490683148153e+02 
       7.181013004492e-01       1.475950247600e+02 
       7.213072521860e-01       1.461432063438e+02 
       7.245132039780e-01       1.447119705906e+02 
       7.277191558245e-01       1.432999528287e+02 
       7.309251077248e-01       1.419058532692e+02 
       7.341310596781e-01       1.405290447486e+02 
       7.373370116838e-01       1.391695942329e+02 
       7.405429637412e-01       1.378284676051e+02 
       7.437489158496e-01       1.365060091822e+02 
       7.469548680083e-01       1.352025413264e+02 
       7.501608202168e-01       1.339173320433e+02 
       7.533667724743e-01       1.326493174769e+02 
       8.234874525444e-01       1.086344539261e+02 
       9.251239592709e-01       8.342526706450e+01 
       1.086877464162e+00       5.759616679047e+01 
